1981
1981
0
1981
1981
0
1980
1981
-1
1981
1981
0
1981
1981
0
1981
1981
0
1981
1981
0
1981
1941
40
1968
1981
-13
1989
1981
8
1989
1981
8
1981
1981
0
1987
1981
6
1988
1981
7
1987
1941
46
1986
1980
6
1989
1981
8
1982
1941
41
1985
1981
4
1986
1981
5
1986
1941
45
1988
1981
7
1986
1981
5
1990
1981
9
1988
1981
7
1981
1981
0
1990
1981
9
1977
1981
-4
1968
1981
-13
1981
1981
0
1980
1980
0
1978
1941
37
1981
1981
0
1988
1981
7
1988
1981
7
1986
1981
5
1986
1981
5
1986
1981
5
1984
1981
3
1984
1981
3
1982
1980
2
1981
1981
0
1977
1980
-3
1977
1981
-4
1980
1981
-1
1981
1981
0
1981
1981
0
1981
1981
0
1981
1981
0
1981
1981
0
1981
1980
1
1981
1981
0
1981
1981
0
1981
1981
0
1981
1981
0
1981
1980
1
1981
1981
0
1981
1980
1
1981
1981
0
1981
1981
0
1981
1981
0
1981
1981
0
1980
1981
-1
1981
1981
0
1981
1981
0
1981
1981
0
1981
1981
0
1981
1980
1
1981
1980
1
1981
1980
1
1981
1981
0
1981
1981
0
1981
1981
0
1981
1981
0
1981
1981
0
1981
1981
0
2013
1941
72
2009
1981
28
2008
1981
27
2010
1981
29
1930
1981
-51
1929
1980
-51
1932
1981
-49
1932
1941
-9
1932
1981
-49
1932
1981
-49
1932
1981
-49
1932
1980
-48
1932
2013
-81
1999
1981
18
1932
1981
-49
1932
1980
-48
1932
1981
-49
1932
1981
-49
1932
1981
-49
1932
1941
-9
1932
1980
-48
1932
1981
-49
1932
2013
-81
1932
1980
-48
1932
1980
-48
1932
1941
-9
1932
1989
-57
1932
1941
-9
1932
1940
-8
1933
1941
-8
1930
1981
-51
1930
1980
-50
1930
1981
-51
1996
1981
15
1932
1980
-48
1996
1981
15
1932
1981
-49
1932
1981
-49
1932
1980
-48
2004
1981
23
1933
1981
-48
1933
1981
-48
1933
1941
-8
1933
1981
-48
1933
1981
-48
1933
1981
-48
1933
1981
-48
1933
1981
-48
1933
1981
-48
1933
1981
-48
1933
1981
-48
2001
1981
20
1932
1981
-49
1933
1981
-48
2003
1981
22
1933
1980
-47
1933
1981
-48
1933
1981
-48
1933
1981
-48
2001
1980
21
2001
1941
60
1930
1980
-50
1930
1981
-51
1930
1981
-51
1930
1981
-51
1930
1981
-51
1930
1981
-51
1930
1981
-51
1930
1981
-51
1930
1981
-51
1930
1981
-51
1931
1980
-49
1931
1980
-49
1931
1981
-50
1930
1981
-51
1931
1941
-10
1931
1941
-10
1931
1981
-50
1931
1981
-50
1931
1981
-50
1930
1981
-51
1930
1980
-50
1930
1980
-50
1930
1941
-11
1930
1981
-51
1930
1981
-51
1930
1981
-51
1930
1981
-51
1930
1981
-51
1930
1980
-50
1930
1981
-51
1930
1981
-51
1930
1981
-51
1930
1981
-51
1930
1981
-51
1930
1981
-51
1930
1981
-51
1930
1981
-51
1930
1980
-50
1930
1981
-51
1930
1981
-51
1931
1980
-49
1932
1981
-49
1932
1980
-48
1932
2013
-81
1932
2013
-81
1932
1980
-48
1932
1981
-49
1932
1980
-48
1930
1981
-51
1930
1981
-51
1931
1941
-10
1931
1981
-50
1931
1981
-50
1931
1980
-49
1931
1952
-21
1931
1980
-49
1931
1980
-49
1936
1980
-44
1936
1980
-44
1901
1980
-79
1936
1981
-45
1936
1981
-45
1936
1981
-45
1936
1981
-45
1936
1981
-45
1936
1981
-45
1936
1981
-45
1936
1981
-45
1936
1981
-45
1936
1981
-45
1936
1981
-45
1936
1980
-44
1935
1981
-46
1935
1941
-6
1937
1981
-44
1937
1981
-44
1937
1941
-4
1937
1981
-44
1937
1981
-44
1937
1980
-43
2008
1981
27
1936
1980
-44
2011
1981
30
1936
1941
-5
1936
1981
-45
1936
1981
-45
1936
1981
-45
1936
1981
-45
1934
1798
136
1934
1980
-46
1934
1980
-46
1934
1981
-47
1934
1981
-47
1934
1981
-47
1934
1981
-47
1934
1981
-47
1934
1981
-47
1934
1789
145
1934
1981
-47
1934
1981
-47
1934
1941
-7
1934
1981
-47
1934
1981
-47
1934
1980
-46
1934
1980
-46
1934
1981
-47
1934
1980
-46
1934
1981
-47
1934
1980
-46
1934
1981
-47
1934
1981
-47
1934
1981
-47
1934
1981
-47
1934
1981
-47
1934
1981
-47
1934
1981
-47
1934
1981
-47
1934
1980
-46
1934
1980
-46
1934
1980
-46
1935
1980
-45
1935
1980
-45
1935
1981
-46
1935
1981
-46
1935
1980
-45
1935
1981
-46
1935
1981
-46
1935
1981
-46
1935
1981
-46
1935
1980
-45
1935
1981
-46
1935
1981
-46
1935
1981
-46
1935
1981
-46
1935
1981
-46
1935
1980
-45
1935
1981
-46
1935
1981
-46
1935
1980
-45
1935
1980
-45
1935
1989
-54
1935
1980
-45
1935
1981
-46
1935
1981
-46
1935
1981
-46
1935
1981
-46
1935
1981
-46
1937
1980
-43
1937
1981
-44
2007
1981
26
1937
1980
-43
1937
1981
-44
1937
1980
-43
1937
1981
-44
1937
1981
-44
1937
1981
-44
1937
1980
-43
1937
1981
-44
1937
1981
-44
1937
1981
-44
1937
1981
-44
1937
1980
-43
1937
1981
-44
1937
1981
-44
1937
1981
-44
1937
1981
-44
1937
1981
-44
1937
1981
-44
1937
1981
-44
1937
1981
-44
1937
1981
-44
1937
1980
-43
1937
1981
-44
1937
1981
-44
1937
1981
-44
1938
1981
-43
1938
1981
-43
1938
1981
-43
1938
1981
-43
1938
1980
-42
1938
1941
-3
1938
1981
-43
1938
1981
-43
1938
1980
-42
1938
1981
-43
1938
1980
-42
1938
1941
-3
1938
1981
-43
1938
1981
-43
1938
1981
-43
1939
1981
-42
1938
1941
-3
1939
1981
-42
1939
1981
-42
1939
1981
-42
1939
1981
-42
1939
1980
-41
1939
1980
-41
1939
1980
-41
2011
1989
22
1944
1981
-37
1934
1941
-7
1813
1941
-128
2012
1934
78
1497
1941
-444
2010
1981
29
1883
1940
-57
1924
1981
-57
1924
1981
-57
1924
1981
-57
1924
1980
-56
1924
1980
-56
1937
1941
-4
1923
1981
-58
1923
1980
-57
1919
1981
-62
1920
1980
-60
1914
1981
-67
1914
1981
-67
1914
1981
-67
1914
1981
-67
1933
1980
-47
1914
1981
-67
1914
1981
-67
1842
1981
-139
1934
1980
-46
1937
1981
-44
1939
1980
-41
1935
1941
-6
1937
1981
-44
1937
1981
-44
1937
1981
-44
1937
1980
-43
1900
1981
-81
1900
1980
-80
1900
1981
-81
1900
1981
-81
1933
2013
-80
1900
1980
-80
1900
1981
-81
1926
1981
-55
1925
1941
-16
1925
1981
-56
1926
1981
-55
1927
1981
-54
1924
1980
-56
1925
1941
-16
1932
1980
-48
1927
1981
-54
1927
1981
-54
1928
1989
-61
1932
1980
-48
1934
1981
-47
1934
1981
-47
1935
1980
-45
1933
1981
-48
1930
1989
-59
1932
1981
-49
1930
1981
-51
1930
1981
-51
1917
1981
-64
1891
1941
-50
1917
1941
-24
1890
1980
-90
1917
1980
-63
1890
1981
-91
1917
1980
-63
2010
1941
69
1934
1789
145
1992
1981
11
1991
1981
10
1991
1981
10
1992
1981
11
2001
1981
20
1994
1941
53
2002
1981
21
1979
1980
-1
1979
1981
-2
1978
1981
-3
1978
1981
-3
1981
1981
0
1924
1981
-57
1932
1941
-9
1927
1981
-54
1927
1981
-54
1927
1980
-53
1927
1980
-53
1927
1941
-14
1927
1981
-54
1927
1941
-14
1927
1941
-14
1927
1981
-54
1927
1981
-54
1927
1981
-54
1926
1980
-54
1926
1980
-54
1926
1981
-55
1926
1989
-63
2010
1941
69
1927
1941
-14
1994
1981
13
1994
1981
13
1926
2013
-87
1921
1981
-60
1921
1981
-60
1921
1980
-59
1921
1981
-60
1921
1981
-60
1912
1941
-29
1921
1980
-59
1914
1941
-27
1915
1941
-26
1915
1941
-26
1921
1981
-60
1921
1980
-59
1913
1941
-28
1921
1980
-59
1921
1981
-60
1915
1941
-26
1921
1981
-60
1921
1980
-59
1921
1981
-60
1921
1941
-20
1921
1980
-59
1921
1981
-60
1921
1981
-60
1921
1980
-59
1921
1981
-60
1921
1981
-60
1921
1981
-60
1927
2013
-86
1927
1981
-54
1927
1941
-14
1927
1981
-54
1927
1980
-53
1927
1980
-53
1927
1981
-54
1927
1980
-53
1927
1941
-14
1927
1981
-54
1927
1980
-53
1927
1981
-54
1927
1981
-54
1928
1941
-13
1928
1981
-53
1928
1980
-52
1928
1980
-52
1928
1981
-53
1928
1981
-53
1928
1981
-53
1928
1980
-52
1928
1981
-53
1928
1981
-53
1928
1981
-53
1928
1941
-13
1928
1980
-52
1929
1981
-52
1929
1981
-52
1929
1941
-12
1929
1981
-52
1929
1941
-12
1929
1981
-52
1929
1981
-52
1929
1980
-51
1929
1941
-12
1921
1980
-59
1929
1941
-12
1921
1981
-60
1917
1941
-24
1917
1941
-24
1928
1981
-53
1921
1981
-60
1921
1981
-60
1928
1981
-53
1917
1941
-24
1928
1941
-13
1928
2013
-85
1928
1941
-13
1928
1941
-13
1928
1981
-53
1928
1981
-53
1928
1981
-53
1928
1980
-52
1928
1981
-53
1928
1981
-53
1928
1981
-53
1928
1981
-53
1929
1981
-52
1929
1981
-52
1929
1981
-52
1929
1981
-52
1929
1981
-52
1930
1981
-51
1930
1980
-50
1929
1981
-52
1929
1980
-51
1929
1981
-52
1930
1981
-51
1930
1980
-50
1930
1981
-51
1930
1981
-51
1930
1981
-51
1869
1941
-72
1929
2013
-84
1926
1980
-54
1929
1981
-52
1929
1980
-51
1929
1981
-52
1929
2013
-84
1929
1980
-51
1929
1981
-52
1936
1980
-44
1936
1981
-45
1936
1980
-44
1937
1981
-44
1937
1981
-44
1937
1981
-44
1937
1981
-44
1937
1980
-43
1937
1981
-44
1937
1981
-44
1937
1981
-44
1937
1980
-43
1937
1981
-44
1937
1981
-44
1937
1981
-44
1937
1981
-44
1937
1981
-44
1922
1981
-59
1922
1981
-59
1922
1981
-59
1922
1981
-59
1922
1981
-59
1937
1981
-44
1937
1980
-43
1937
1981
-44
1937
1981
-44
1937
1980
-43
1922
1980
-58
1922
1981
-59
1922
1980
-58
1922
1981
-59
1922
1941
-19
1922
1981
-59
1923
1941
-18
1923
1981
-58
1923
1981
-58
1936
1981
-45
1936
1981
-45
1936
1980
-44
1936
1981
-45
1936
1981
-45
1936
1980
-44
1936
1981
-45
1936
1980
-44
1936
1981
-45
1922
1980
-58
1936
1981
-45
1936
1980
-44
1937
1980
-43
1922
1981
-59
1922
1789
133
1937
1981
-44
1938
1980
-42
1925
1980
-55
1937
1941
-4
1937
1941
-4
1925
1981
-56
1925
1980
-55
1925
1980
-55
1926
1980
-54
1926
1981
-55
1923
1981
-58
1923
1981
-58
1923
1981
-58
1923
1981
-58
1923
1981
-58
1925
1981
-56
1925
1941
-16
1925
1981
-56
1925
1980
-55
1925
1941
-16
1923
1981
-58
1923
1980
-57
1923
1981
-58
1923
1981
-58
1923
1980
-57
1923
1941
-18
1991
1981
10
1923
1981
-58
1923
1980
-57
1923
1980
-57
1923
1981
-58
1992
1981
11
1923
1981
-58
1923
1981
-58
1923
1981
-58
1926
1981
-55
1926
1941
-15
1926
1980
-54
1926
1981
-55
1926
1941
-15
1938
1980
-42
1926
1981
-55
1926
1981
-55
1926
1980
-54
1926
1941
-15
1938
1981
-43
1938
1941
-3
1926
1981
-55
1926
1981
-55
1938
1981
-43
1938
1981
-43
1938
1981
-43
1926
1941
-15
1926
1981
-55
1926
1981
-55
1938
1981
-43
1926
1981
-55
1926
1980
-54
1926
1981
-55
1926
1981
-55
1926
1980
-54
1938
1980
-42
1938
1941
-3
1938
1981
-43
1938
1981
-43
1926
1980
-54
1926
1981
-55
1926
1981
-55
1938
1981
-43
1926
1981
-55
1938
1981
-43
1938
1980
-42
1938
1981
-43
1938
1980
-42
1938
1981
-43
1938
1981
-43
1938
1981
-43
1938
1981
-43
1909
1981
-72
1909
1980
-71
1909
1981
-72
1909
1981
-72
1909
1981
-72
1909
1981
-72
1909
1980
-71
1909
1981
-72
1909
1980
-71
1909
1981
-72
1909
1981
-72
1909
1981
-72
1915
1981
-66
1915
1981
-66
1927
1941
-14
1927
1981
-54
1915
1981
-66
1909
1980
-71
1917
1981
-64
1917
1981
-64
1919
1981
-62
1919
1941
-22
1919
1941
-22
1919
1981
-62
1919
1981
-62
1919
1941
-22
1931
1980
-49
1930
1981
-51
1919
1980
-61
1919
1981
-62
1919
1980
-61
1919
1941
-22
1919
1941
-22
1919
1941
-22
1919
1981
-62
1919
1980
-61
1919
1941
-22
1919
1981
-62
1919
1980
-61
1919
1941
-22
1919
1981
-62
1920
1981
-61
1920
1981
-61
1920
1981
-61
1934
1981
-47
1934
1981
-47
1934
1981
-47
1934
1980
-46
1934
1980
-46
1934
1981
-47
1920
1980
-60
1920
1980
-60
1934
1980
-46
1934
1981
-47
1934
1981
-47
1934
1981
-47
1934
1789
145
1935
2013
-78
1934
1981
-47
1935
1981
-46
1920
1981
-61
1920
1980
-60
1934
1981
-47
1934
1981
-47
1935
1981
-46
1935
1981
-46
1935
1981
-46
1935
1981
-46
1935
2013
-78
1935
1981
-46
1935
1989
-54
1935
1981
-46
1935
1981
-46
1935
1981
-46
1934
1981
-47
1935
1981
-46
1935
1981
-46
1935
1981
-46
1935
1980
-45
1935
1941
-6
1935
1981
-46
1920
1981
-61
1920
1980
-60
1920
1981
-61
1920
1981
-61
1920
1980
-60
1920
1940
-20
1920
1941
-21
1920
1980
-60
1920
1941
-21
1920
1941
-21
1920
1981
-61
1920
1980
-60
1920
1941
-21
1920
1980
-60
1920
1981
-61
1920
1981
-61
1920
1980
-60
1920
1981
-61
1920
1980
-60
1920
1941
-21
1920
1941
-21
1920
2013
-93
1920
1981
-61
1920
1981
-61
1920
1981
-61
1920
1981
-61
1921
1941
-20
1914
1981
-67
1914
1981
-67
1914
1981
-67
1914
1941
-27
1914
1981
-67
1914
1981
-67
1914
1981
-67
1914
1981
-67
1914
1981
-67
1914
1981
-67
1968
1981
-13
2010
1981
29
1969
1981
-12
1969
1981
-12
1914
1981
-67
1916
1980
-64
1916
1981
-65
1916
1981
-65
1916
1981
-65
2006
1981
25
2006
1981
25
2008
1981
27
1916
1981
-65
1916
1941
-25
1916
1980
-64
1916
1981
-65
1916
1981
-65
1916
1981
-65
1916
1941
-25
1916
1980
-64
1916
1981
-65
1928
1981
-53
1928
1941
-13
1929
1941
-12
1929
1981
-52
1929
1981
-52
1930
1981
-51
1929
1981
-52
1930
1941
-11
1930
1981
-51
1929
1981
-52
1934
1941
-7
1909
1981
-72
1909
1980
-71
1909
1981
-72
1909
1981
-72
1909
1980
-71
1981
1981
0
1981
1981
0
1981
1981
0
1981
1981
0
1981
1980
1
1981
1981
0
1981
1981
0
1981
1981
0
1980
1980
0
1981
1981
0
1981
1981
0
1981
1981
0
1981
1980
1
1981
1981
0
1981
1981
0
1981
1981
0
1981
1981
0
1982
1941
41
1989
1981
8
1988
1980
8
1988
1981
7
1989
1941
48
1989
1989
0
1989
1981
8
1984
1980
4
1988
1941
47
1982
1980
2
1981
1941
40
1987
1981
6
1989
1981
8
1988
1981
7
1985
1980
5
1985
1941
44
1985
1941
44
1989
1981
8
1987
1941
46
1981
1981
0
1988
1981
7
1983
1981
2
1984
1980
4
1979
1981
-2
1989
1980
9
1988
1981
7
1989
1981
8
1988
1981
7
1978
1981
-3
1949
1989
-40
1982
1980
2
1980
1980
0
1981
1980
1
1968
1981
-13
1979
1981
-2
1981
1981
0
1981
1981
0
1981
1989
-8
1981
1981
0
1981
1981
0
1981
1981
0
1979
1980
-1
1982
1981
1
1980
1981
-1
1981
1981
0
1981
1981
0
1981
1981
0
1981
1981
0
1981
1941
40
1981
1981
0
1981
1980
1
1981
1981
0
1981
1980
1
1981
1981
0
1981
1981
0
1981
1981
0
1981
1981
0
1980
1980
0
1981
1981
0
1981
1981
0
1981
1981
0
1980
1981
-1
1981
1981
0
1981
1981
0
1981
1981
0
1981
1981
0
1981
1981
0
1981
1981
0
1981
1981
0
1981
1981
0
1981
1981
0
1981
1981
0
1981
1980
1
1981
1981
0
1981
1981
0
1981
1981
0
1981
1981
0
1981
1981
0
1981
1981
0
1981
1981
0
1980
1981
-1
1981
1981
0
1933
1981
-48
2008
1981
27
2011
1981
30
1981
1981
0
1981
1981
0
1981
1981
0
1981
1980
1
1981
1981
0
1981
1981
0
1980
1980
0
1981
1981
0
1981
1980
1
1981
1981
0
1981
1981
0
1981
1980
1
1981
1989
-8
1981
1981
0
1981
1980
1
1981
1980
1
1981
1981
0
1981
1981
0
1981
1980
1
1981
1981
0
1981
1981
0
1981
1981
0
1981
1980
1
1981
1981
0
1968
1981
-13
1989
1981
8
1990
1981
9
1988
1981
7
1986
1981
5
1988
1941
47
1986
1981
5
1987
1980
7
1987
1980
7
1988
1981
7
1985
1980
5
1987
1981
6
1988
1981
7
1988
1980
8
1989
1981
8
1988
1952
36
1980
1981
-1
1988
1989
-1
1988
1980
8
1981
1981
0
1981
1981
0
1982
1981
1
1977
1981
-4
1979
1981
-2
1980
1980
0
1981
1981
0
1977
1941
36
1981
1952
29
1981
1980
1
1981
1981
0
1980
1981
-1
1986
1941
45
1988
1981
7
1977
1980
-3
1987
1981
6
1987
1981
6
1985
1941
44
1983
1981
2
1978
1980
-2
1981
1981
0
1981
1981
0
1980
1981
-1
1981
1981
0
1981
1981
0
1981
1981
0
1981
1981
0
1981
1981
0
1981
1981
0
1981
1980
1
1981
1980
1
1981
1981
0
1981
1980
1
1981
1981
0
1981
1981
0
1981
1980
1
1981
1981
0
1981
1980
1
1981
1981
0
1981
1981
0
1981
1940
41
1981
1980
1
1981
1981
0
1980
1981
-1
1981
1981
0
1981
1981
0
1981
1980
1
1981
1981
0
1981
1981
0
1981
1981
0
1981
2013
-32
1981
1981
0
1981
1981
0
1981
1981
0
1981
1981
0
1981
1981
0
1980
1981
-1
1981
1981
0
1981
1981
0
1981
1981
0
1981
1980
1
1981
1981
0
1981
1981
0
2009
1981
28
1981
1981
0
36
