1981
1979
2
1981
1979
2
1980
1979
1
1981
1979
2
1981
2013
-32
1981
1979
2
1981
1979
2
1981
2013
-32
1968
1979
-11
1989
1979
10
1989
1979
10
1981
2013
-32
1987
1979
8
1988
1979
9
1987
2013
-26
1986
2013
-27
1989
2013
-24
1982
2013
-31
1985
2013
-28
1986
1979
7
1986
2013
-27
1988
1850
138
1986
1979
7
1990
1979
11
1988
1979
9
1981
1979
2
1990
1979
11
1977
1979
-2
1968
1979
-11
1981
1979
2
1980
2013
-33
1978
2013
-35
1981
1979
2
1988
1850
138
1988
1850
138
1986
2013
-27
1986
1979
7
1986
1979
7
1984
1979
5
1984
1987
-3
1982
2013
-31
1981
1850
131
1977
2013
-36
1977
1979
-2
1980
2013
-33
1981
1979
2
1981
1979
2
1981
2013
-32
1981
2013
-32
1981
2013
-32
1981
2013
-32
1981
2013
-32
1981
1979
2
1981
1979
2
1981
1979
2
1981
2013
-32
1981
2013
-32
1981
2013
-32
1981
1979
2
1981
1979
2
1981
1979
2
1981
1979
2
1980
1979
1
1981
1979
2
1981
1979
2
1981
1979
2
1981
1979
2
1981
2013
-32
1981
2013
-32
1981
2013
-32
1981
1979
2
1981
1850
131
1981
1979
2
1981
1979
2
1981
1979
2
1981
2013
-32
2013
2013
0
2009
1850
159
2008
1979
29
2010
2013
-3
1930
1979
-49
1929
2013
-84
1932
1979
-47
1932
2013
-81
1932
1979
-47
1932
1979
-47
1932
1850
82
1932
2013
-81
1932
2013
-81
1999
1979
20
1932
1979
-47
1932
2013
-81
1932
1979
-47
1932
1979
-47
1932
1979
-47
1932
2013
-81
1932
2013
-81
1932
1979
-47
1932
2013
-81
1932
2013
-81
1932
2013
-81
1932
2013
-81
1932
1987
-55
1932
2013
-81
1932
2013
-81
1933
2013
-80
1930
1979
-49
1930
2013
-83
1930
1979
-49
1996
1979
17
1932
2013
-81
1996
1979
17
1932
1979
-47
1932
2013
-81
1932
2013
-81
2004
1979
25
1933
2013
-80
1933
1979
-46
1933
2013
-80
1933
2013
-80
1933
1979
-46
1933
1979
-46
1933
1979
-46
1933
2013
-80
1933
2013
-80
1933
1979
-46
1933
2013
-80
2001
1979
22
1932
2013
-81
1933
2013
-80
2003
1979
24
1933
2013
-80
1933
1979
-46
1933
1850
83
1933
1979
-46
2001
2013
-12
2001
2013
-12
1930
2013
-83
1930
1979
-49
1930
1979
-49
1930
2013
-83
1930
2013
-83
1930
2013
-83
1930
1979
-49
1930
1979
-49
1930
1979
-49
1930
2013
-83
1931
2013
-82
1931
2013
-82
1931
1979
-48
1930
2013
-83
1931
2013
-82
1931
2013
-82
1931
1850
81
1931
1979
-48
1931
2013
-82
1930
1979
-49
1930
2013
-83
1930
2013
-83
1930
2013
-83
1930
1979
-49
1930
2013
-83
1930
1979
-49
1930
1979
-49
1930
1979
-49
1930
2013
-83
1930
1979
-49
1930
1979
-49
1930
1979
-49
1930
2013
-83
1930
1979
-49
1930
2013
-83
1930
1979
-49
1930
1979
-49
1930
2013
-83
1930
1979
-49
1930
1850
80
1931
2013
-82
1932
2013
-81
1932
2013
-81
1932
2013
-81
1932
2013
-81
1932
2013
-81
1932
1987
-55
1932
2013
-81
1930
1979
-49
1930
1979
-49
1931
2013
-82
1931
1979
-48
1931
1987
-56
1931
2013
-82
1931
1987
-56
1931
2013
-82
1931
2013
-82
1936
2013
-77
1936
2013
-77
1901
2013
-112
1936
1979
-43
1936
2013
-77
1936
1979
-43
1936
1979
-43
1936
1979
-43
1936
1979
-43
1936
2013
-77
1936
1979
-43
1936
1979
-43
1936
1979
-43
1936
1979
-43
1936
2013
-77
1935
1979
-44
1935
2013
-78
1937
2013
-76
1937
1979
-42
1937
2013
-76
1937
1979
-42
1937
2013
-76
1937
2013
-76
2008
1850
158
1936
2013
-77
2011
1850
161
1936
2013
-77
1936
1979
-43
1936
2013
-77
1936
2013
-77
1936
1979
-43
1934
1804
130
1934
2013
-79
1934
2013
-79
1934
2013
-79
1934
1979
-45
1934
1979
-45
1934
2013
-79
1934
1979
-45
1934
2013
-79
1934
1789
145
1934
1979
-45
1934
2013
-79
1934
2013
-79
1934
1979
-45
1934
1979
-45
1934
2013
-79
1934
2013
-79
1934
1979
-45
1934
2013
-79
1934
1979
-45
1934
2013
-79
1934
2013
-79
1934
2013
-79
1934
2013
-79
1934
2013
-79
1934
2013
-79
1934
1979
-45
1934
1979
-45
1934
1979
-45
1934
2013
-79
1934
2013
-79
1934
2013
-79
1935
2013
-78
1935
2013
-78
1935
1979
-44
1935
2013
-78
1935
2013
-78
1935
1979
-44
1935
1979
-44
1935
1979
-44
1935
1979
-44
1935
2013
-78
1935
1850
85
1935
1979
-44
1935
2013
-78
1935
1979
-44
1935
1979
-44
1935
2013
-78
1935
1979
-44
1935
2013
-78
1935
2013
-78
1935
2013
-78
1935
1987
-52
1935
2013
-78
1935
1979
-44
1935
1979
-44
1935
1979
-44
1935
1850
85
1935
1979
-44
1937
2013
-76
1937
1979
-42
2007
1979
28
1937
2013
-76
1937
1979
-42
1937
2013
-76
1937
2013
-76
1937
2013
-76
1937
1979
-42
1937
2013
-76
1937
1979
-42
1937
2013
-76
1937
1979
-42
1937
2013
-76
1937
2013
-76
1937
1850
87
1937
1979
-42
1937
1850
87
1937
2013
-76
1937
2013
-76
1937
1979
-42
1937
1979
-42
1937
1979
-42
1937
1979
-42
1937
2013
-76
1937
1979
-42
1937
1979
-42
1937
1979
-42
1938
1979
-41
1938
2013
-75
1938
2013
-75
1938
1979
-41
1938
2013
-75
1938
2013
-75
1938
1979
-41
1938
2013
-75
1938
2013
-75
1938
1979
-41
1938
2013
-75
1938
2013
-75
1938
1850
88
1938
1979
-41
1938
2013
-75
1939
2013
-74
1938
2013
-75
1939
2013
-74
1939
1979
-40
1939
2013
-74
1939
2013
-74
1939
2013
-74
1939
2013
-74
1939
2013
-74
2011
1987
24
1944
1987
-43
1934
2013
-79
1813
2013
-200
2012
1934
78
1497
1824
-327
2010
2013
-3
1883
2013
-130
1924
2013
-89
1924
1979
-55
1924
1979
-55
1924
2013
-89
1924
2013
-89
1937
2013
-76
1923
1979
-56
1923
2013
-90
1919
2013
-94
1920
2013
-93
1914
2013
-99
1914
1979
-65
1914
1979
-65
1914
1979
-65
1933
2013
-80
1914
1979
-65
1914
2013
-99
1842
2013
-171
1934
2013
-79
1937
2013
-76
1939
2013
-74
1935
2013
-78
1937
1979
-42
1937
1987
-50
1937
1979
-42
1937
2013
-76
1900
1979
-79
1900
2013
-113
1900
2013
-113
1900
2013
-113
1933
2013
-80
1900
2013
-113
1900
1979
-79
1926
1850
76
1925
2013
-88
1925
1979
-54
1926
2013
-87
1927
1979
-52
1924
2013
-89
1925
2013
-88
1932
2013
-81
1927
1979
-52
1927
2013
-86
1928
1987
-59
1932
2013
-81
1934
2013
-79
1934
2013
-79
1935
2013
-78
1933
1979
-46
1930
1987
-57
1932
1979
-47
1930
2013
-83
1930
1979
-49
1917
2013
-96
1891
2013
-122
1917
2013
-96
1890
2013
-123
1917
2013
-96
1890
2013
-123
1917
2013
-96
2010
2013
-3
1934
1789
145
1992
1979
13
1991
1979
12
1991
1850
141
1992
2013
-21
2001
1979
22
1994
2013
-19
2002
2013
-11
1979
2013
-34
1979
1979
0
1978
1979
-1
1978
2013
-35
1981
1979
2
1924
1979
-55
1932
2013
-81
1927
2013
-86
1927
2013
-86
1927
2013
-86
1927
2013
-86
1927
2013
-86
1927
1979
-52
1927
2013
-86
1927
2013
-86
1927
1979
-52
1927
2013
-86
1927
1979
-52
1926
2013
-87
1926
2013
-87
1926
1979
-53
1926
1987
-61
2010
2013
-3
1927
2013
-86
1994
1979
15
1994
1979
15
1926
2013
-87
1921
2013
-92
1921
1979
-58
1921
2013
-92
1921
1979
-58
1921
1979
-58
1912
2013
-101
1921
2013
-92
1914
2013
-99
1915
1824
91
1915
1824
91
1921
2013
-92
1921
2013
-92
1913
2013
-100
1921
2013
-92
1921
1979
-58
1915
2013
-98
1921
1979
-58
1921
2013
-92
1921
1979
-58
1921
2013
-92
1921
2013
-92
1921
2013
-92
1921
2013
-92
1921
2013
-92
1921
2013
-92
1921
1979
-58
1921
1979
-58
1927
2013
-86
1927
2013
-86
1927
2013
-86
1927
1979
-52
1927
2013
-86
1927
2013
-86
1927
2013
-86
1927
2013
-86
1927
2013
-86
1927
2013
-86
1927
2013
-86
1927
2013
-86
1927
1979
-52
1928
2013
-85
1928
2013
-85
1928
2013
-85
1928
2013
-85
1928
2013
-85
1928
1979
-51
1928
2013
-85
1928
2013
-85
1928
1979
-51
1928
1979
-51
1928
1979
-51
1928
2013
-85
1928
2013
-85
1929
2013
-84
1929
2013
-84
1929
2013
-84
1929
1979
-50
1929
2013
-84
1929
1979
-50
1929
2013
-84
1929
2013
-84
1929
2013
-84
1921
2013
-92
1929
2013
-84
1921
2013
-92
1917
2013
-96
1917
2013
-96
1928
2013
-85
1921
2013
-92
1921
1979
-58
1928
1850
78
1917
1824
93
1928
2013
-85
1928
2013
-85
1928
2013
-85
1928
2013
-85
1928
1979
-51
1928
1979
-51
1928
1850
78
1928
2013
-85
1928
1979
-51
1928
1987
-59
1928
2013
-85
1928
1979
-51
1929
1850
79
1929
1979
-50
1929
2013
-84
1929
1850
79
1929
1987
-58
1930
1979
-49
1930
2013
-83
1929
1979
-50
1929
2013
-84
1929
1979
-50
1930
1979
-49
1930
2013
-83
1930
1979
-49
1930
1979
-49
1930
1987
-57
1869
1824
45
1929
2013
-84
1926
2013
-87
1929
1979
-50
1929
2013
-84
1929
2013
-84
1929
2013
-84
1929
2013
-84
1929
1979
-50
1936
2013
-77
1936
1979
-43
1936
2013
-77
1937
1979
-42
1937
2013
-76
1937
2013
-76
1937
1979
-42
1937
2013
-76
1937
2013
-76
1937
2013
-76
1937
1979
-42
1937
2013
-76
1937
1979
-42
1937
1979
-42
1937
1979
-42
1937
2013
-76
1937
2013
-76
1922
1979
-57
1922
1979
-57
1922
2013
-91
1922
2013
-91
1922
1979
-57
1937
2013
-76
1937
2013
-76
1937
2013
-76
1937
2013
-76
1937
2013
-76
1922
2013
-91
1922
1979
-57
1922
2013
-91
1922
1979
-57
1922
2013
-91
1922
1979
-57
1923
2013
-90
1923
1979
-56
1923
1979
-56
1936
1979
-43
1936
2013
-77
1936
2013
-77
1936
1979
-43
1936
2013
-77
1936
2013
-77
1936
2013
-77
1936
2013
-77
1936
1979
-43
1922
2013
-91
1936
2013
-77
1936
2013
-77
1937
2013
-76
1922
2013
-91
1922
1789
133
1937
2013
-76
1938
2013
-75
1925
2013
-88
1937
2013
-76
1937
2013
-76
1925
1979
-54
1925
2013
-88
1925
2013
-88
1926
2013
-87
1926
1979
-53
1923
2013
-90
1923
2013
-90
1923
1979
-56
1923
1979
-56
1923
1979
-56
1925
1979
-54
1925
2013
-88
1925
1850
75
1925
2013
-88
1925
2013
-88
1923
1979
-56
1923
2013
-90
1923
1979
-56
1923
1979
-56
1923
2013
-90
1923
2013
-90
1991
1979
12
1923
2013
-90
1923
2013
-90
1923
2013
-90
1923
1979
-56
1992
1979
13
1923
1979
-56
1923
1979
-56
1923
2013
-90
1926
1979
-53
1926
2013
-87
1926
2013
-87
1926
1979
-53
1926
2013
-87
1938
2013
-75
1926
1979
-53
1926
2013
-87
1926
2013
-87
1926
2013
-87
1938
2013
-75
1938
2013
-75
1926
2013
-87
1926
1979
-53
1938
1979
-41
1938
2013
-75
1938
1979
-41
1926
2013
-87
1926
1979
-53
1926
2013
-87
1938
1979
-41
1926
1979
-53
1926
2013
-87
1926
1979
-53
1926
1979
-53
1926
2013
-87
1938
2013
-75
1938
2013
-75
1938
1979
-41
1938
1979
-41
1926
2013
-87
1926
1979
-53
1926
2013
-87
1938
2013
-75
1926
1979
-53
1938
2013
-75
1938
2013
-75
1938
1979
-41
1938
2013
-75
1938
2013
-75
1938
2013
-75
1938
2013
-75
1938
2013
-75
1909
1979
-70
1909
2013
-104
1909
1979
-70
1909
2013
-104
1909
2013
-104
1909
1979
-70
1909
2013
-104
1909
1979
-70
1909
2013
-104
1909
2013
-104
1909
1979
-70
1909
2013
-104
1915
1979
-64
1915
2013
-98
1927
2013
-86
1927
1979
-52
1915
1979
-64
1909
2013
-104
1917
1850
67
1917
1979
-62
1919
2013
-94
1919
2013
-94
1919
2013
-94
1919
2013
-94
1919
2013
-94
1919
2013
-94
1931
2013
-82
1930
1979
-49
1919
2013
-94
1919
2013
-94
1919
2013
-94
1919
2013
-94
1919
2013
-94
1919
2013
-94
1919
1987
-68
1919
2013
-94
1919
2013
-94
1919
1979
-60
1919
2013
-94
1919
2013
-94
1919
1979
-60
1920
1987
-67
1920
1979
-59
1920
1979
-59
1934
2013
-79
1934
1979
-45
1934
2013
-79
1934
2013
-79
1934
2013
-79
1934
2013
-79
1920
2013
-93
1920
2013
-93
1934
2013
-79
1934
1979
-45
1934
1979
-45
1934
2013
-79
1934
1789
145
1935
2013
-78
1934
1979
-45
1935
1979
-44
1920
2013
-93
1920
2013
-93
1934
1979
-45
1934
1979
-45
1935
1979
-44
1935
1979
-44
1935
1979
-44
1935
1979
-44
1935
2013
-78
1935
1979
-44
1935
1987
-52
1935
1979
-44
1935
1979
-44
1935
1979
-44
1934
2013
-79
1935
1850
85
1935
1979
-44
1935
2013
-78
1935
2013
-78
1935
2013
-78
1935
2013
-78
1920
2013
-93
1920
2013
-93
1920
2013
-93
1920
2013
-93
1920
2013
-93
1920
2013
-93
1920
2013
-93
1920
2013
-93
1920
2013
-93
1920
2013
-93
1920
1979
-59
1920
2013
-93
1920
2013
-93
1920
2013
-93
1920
1979
-59
1920
2013
-93
1920
2013
-93
1920
1979
-59
1920
2013
-93
1920
2013
-93
1920
2013
-93
1920
2013
-93
1920
1979
-59
1920
1979
-59
1920
1979
-59
1920
2013
-93
1921
1824
97
1914
1979
-65
1914
2013
-99
1914
2013
-99
1914
2013
-99
1914
1979
-65
1914
1979
-65
1914
1979
-65
1914
2013
-99
1914
2013
-99
1914
2013
-99
1968
2013
-45
2010
1850
160
1969
1979
-10
1969
2013
-44
1914
1850
64
1916
2013
-97
1916
2013
-97
1916
2013
-97
1916
2013
-97
2006
2013
-7
2006
1850
156
2008
1979
29
1916
1979
-63
1916
2013
-97
1916
2013
-97
1916
2013
-97
1916
1979
-63
1916
1979
-63
1916
2013
-97
1916
2013
-97
1916
2013
-97
1928
1987
-59
1928
2013
-85
1929
2013
-84
1929
1979
-50
1929
1979
-50
1930
2013
-83
1929
2013
-84
1930
2013
-83
1930
2013
-83
1929
1979
-50
1934
2013
-79
1909
2013
-104
1909
2013
-104
1909
2013
-104
1909
2013
-104
1909
2013
-104
1981
1979
2
1981
2013
-32
1981
1850
131
1981
1850
131
1981
2013
-32
1981
1979
2
1981
1987
-6
1981
1850
131
1980
2013
-33
1981
1979
2
1981
1850
131
1981
1987
-6
1981
2013
-32
1981
1979
2
1981
1979
2
1981
1979
2
1981
1979
2
1982
2013
-31
1989
2013
-24
1988
2013
-25
1988
2013
-25
1989
2013
-24
1989
1987
2
1989
2013
-24
1984
2013
-29
1988
2013
-25
1982
2013
-31
1981
2013
-32
1987
2013
-26
1989
1979
10
1988
1979
9
1985
2013
-28
1985
2013
-28
1985
2013
-28
1989
1979
10
1987
2013
-26
1981
1979
2
1988
1987
1
1983
1979
4
1984
2013
-29
1979
1979
0
1989
2013
-24
1988
1979
9
1989
1979
10
1988
1979
9
1978
1979
-1
1949
1987
-38
1982
2013
-31
1980
2013
-33
1981
2013
-32
1968
2013
-45
1979
1979
0
1981
1979
2
1981
1979
2
1981
1987
-6
1981
2013
-32
1981
1850
131
1981
2013
-32
1979
2013
-34
1982
2013
-31
1980
2013
-33
1981
1979
2
1981
1979
2
1981
1979
2
1981
1979
2
1981
2013
-32
1981
1979
2
1981
2013
-32
1981
1979
2
1981
2013
-32
1981
1979
2
1981
1979
2
1981
1979
2
1981
2013
-32
1980
2013
-33
1981
1979
2
1981
1979
2
1981
1979
2
1980
1979
1
1981
1979
2
1981
1850
131
1981
1979
2
1981
1979
2
1981
1850
131
1981
1979
2
1981
2013
-32
1981
1979
2
1981
1979
2
1981
1979
2
1981
2013
-32
1981
1979
2
1981
1850
131
1981
1979
2
1981
1979
2
1981
1979
2
1981
1987
-6
1981
1979
2
1980
2013
-33
1981
1979
2
1933
1979
-46
2008
2013
-5
2011
1987
24
1981
1979
2
1981
1979
2
1981
1850
131
1981
2013
-32
1981
1979
2
1981
1979
2
1980
2013
-33
1981
2013
-32
1981
2013
-32
1981
1979
2
1981
1979
2
1981
2013
-32
1981
1987
-6
1981
1979
2
1981
2013
-32
1981
2013
-32
1981
1979
2
1981
1979
2
1981
2013
-32
1981
1850
131
1981
2013
-32
1981
1979
2
1981
2013
-32
1981
1979
2
1968
1850
118
1989
1979
10
1990
2013
-23
1988
1850
138
1986
1979
7
1988
2013
-25
1986
1850
136
1987
2013
-26
1987
2013
-26
1988
2013
-25
1985
2013
-28
1987
1979
8
1988
1979
9
1988
2013
-25
1989
1987
2
1988
1951
37
1980
1979
1
1988
1987
1
1988
2013
-25
1981
1979
2
1981
2013
-32
1982
1979
3
1977
1979
-2
1979
1850
129
1980
2013
-33
1981
1979
2
1977
2013
-36
1981
1951
30
1981
2013
-32
1981
1850
131
1980
1979
1
1986
2013
-27
1988
1979
9
1977
2013
-36
1987
1979
8
1987
1850
137
1985
2013
-28
1983
1979
4
1978
2013
-35
1981
1850
131
1981
1979
2
1980
2013
-33
1981
1850
131
1981
2013
-32
1981
2013
-32
1981
1979
2
1981
1979
2
1981
2013
-32
1981
2013
-32
1981
2013
-32
1981
1979
2
1981
2013
-32
1981
2013
-32
1981
1987
-6
1981
2013
-32
1981
1979
2
1981
2013
-32
1981
1979
2
1981
1979
2
1981
2013
-32
1981
2013
-32
1981
1850
131
1980
1979
1
1981
1850
131
1981
2013
-32
1981
2013
-32
1981
1979
2
1981
1979
2
1981
1987
-6
1981
2013
-32
1981
1979
2
1981
1979
2
1981
1979
2
1981
1979
2
1981
1987
-6
1980
1979
1
1981
1979
2
1981
1979
2
1981
1979
2
1981
2013
-32
1981
1979
2
1981
1979
2
2009
1979
30
1981
1987
-6
58
