1981
1985
-4
1981
1985
-4
1980
1985
-5
1981
1985
-4
1981
2013
-32
1981
1985
-4
1981
1985
-4
1981
2013
-32
1968
1985
-17
1989
1918
71
1989
1985
4
1981
2013
-32
1987
1985
2
1988
1985
3
1987
2013
-26
1986
2013
-27
1989
2013
-24
1982
2013
-31
1985
1985
0
1986
1985
1
1986
2013
-27
1988
1918
70
1986
1985
1
1990
1985
5
1988
1985
3
1981
1985
-4
1990
1985
5
1977
1985
-8
1968
1985
-17
1981
1985
-4
1980
2013
-33
1978
2013
-35
1981
1985
-4
1988
1918
70
1988
1918
70
1986
1985
1
1986
1985
1
1986
1985
1
1984
1985
-1
1984
1918
66
1982
2013
-31
1981
1918
63
1977
2013
-36
1977
1985
-8
1980
2013
-33
1981
1985
-4
1981
1985
-4
1981
2013
-32
1981
2013
-32
1981
2013
-32
1981
2013
-32
1981
2013
-32
1981
1985
-4
1981
1985
-4
1981
1985
-4
1981
2013
-32
1981
2013
-32
1981
2013
-32
1981
1985
-4
1981
1985
-4
1981
1985
-4
1981
1985
-4
1980
1985
-5
1981
1985
-4
1981
1985
-4
1981
1985
-4
1981
1985
-4
1981
2013
-32
1981
2013
-32
1981
2013
-32
1981
1985
-4
1981
1918
63
1981
1985
-4
1981
1918
63
1981
1985
-4
1981
2013
-32
2013
2013
0
2009
1918
91
2008
1985
23
2010
2013
-3
1930
1985
-55
1929
2013
-84
1932
1985
-53
1932
2013
-81
1932
1985
-53
1932
1985
-53
1932
1918
14
1932
2013
-81
1932
2013
-81
1999
1985
14
1932
1985
-53
1932
2013
-81
1932
1985
-53
1932
1985
-53
1932
1985
-53
1932
2013
-81
1932
2013
-81
1932
1985
-53
1932
2013
-81
1932
2013
-81
1932
2013
-81
1932
2013
-81
1932
1918
14
1932
2013
-81
1932
2013
-81
1933
2013
-80
1930
1985
-55
1930
2013
-83
1930
1985
-55
1996
1985
11
1932
2013
-81
1996
1985
11
1932
1985
-53
1932
1985
-53
1932
2013
-81
2004
1985
19
1933
2013
-80
1933
1985
-52
1933
2013
-80
1933
1985
-52
1933
1985
-52
1933
1985
-52
1933
1985
-52
1933
2013
-80
1933
1985
-52
1933
1985
-52
1933
1985
-52
2001
1985
16
1932
2013
-81
1933
1985
-52
2003
1985
18
1933
2013
-80
1933
1985
-52
1933
1918
15
1933
1985
-52
2001
2013
-12
2001
2013
-12
1930
2013
-83
1930
1985
-55
1930
1985
-55
1930
2013
-83
1930
2013
-83
1930
2013
-83
1930
1985
-55
1930
1985
-55
1930
1985
-55
1930
2013
-83
1931
2013
-82
1931
2013
-82
1931
1985
-54
1930
1985
-55
1931
2013
-82
1931
2013
-82
1931
1918
13
1931
1985
-54
1931
2013
-82
1930
1985
-55
1930
2013
-83
1930
2013
-83
1930
2013
-83
1930
1985
-55
1930
2013
-83
1930
1985
-55
1930
1985
-55
1930
1985
-55
1930
2013
-83
1930
1985
-55
1930
1985
-55
1930
1985
-55
1930
2013
-83
1930
1985
-55
1930
2013
-83
1930
1985
-55
1930
1985
-55
1930
2013
-83
1930
1985
-55
1930
1918
12
1931
2013
-82
1932
1985
-53
1932
2013
-81
1932
2013
-81
1932
2013
-81
1932
2013
-81
1932
1918
14
1932
2013
-81
1930
1985
-55
1930
1985
-55
1931
2013
-82
1931
1985
-54
1931
1918
13
1931
2013
-82
1931
1947
-16
1931
2013
-82
1931
2013
-82
1936
2013
-77
1936
2013
-77
1901
2013
-112
1936
1985
-49
1936
2013
-77
1936
1985
-49
1936
1985
-49
1936
1985
-49
1936
1985
-49
1936
1985
-49
1936
1985
-49
1936
1985
-49
1936
1985
-49
1936
1918
18
1936
2013
-77
1935
1985
-50
1935
2013
-78
1937
2013
-76
1937
1985
-48
1937
2013
-76
1937
1985
-48
1937
2013
-76
1937
2013
-76
2008
1918
90
1936
2013
-77
2011
1918
93
1936
2013
-77
1936
1985
-49
1936
2013
-77
1936
2013
-77
1936
1985
-49
1934
1820
114
1934
2013
-79
1934
2013
-79
1934
1985
-51
1934
1985
-51
1934
1985
-51
1934
2013
-79
1934
1985
-51
1934
2013
-79
1934
1781
153
1934
1985
-51
1934
1985
-51
1934
2013
-79
1934
1985
-51
1934
1985
-51
1934
2013
-79
1934
2013
-79
1934
1985
-51
1934
2013
-79
1934
1985
-51
1934
2013
-79
1934
2013
-79
1934
1985
-51
1934
2013
-79
1934
1985
-51
1934
2013
-79
1934
1985
-51
1934
1985
-51
1934
1985
-51
1934
2013
-79
1934
2013
-79
1934
2013
-79
1935
2013
-78
1935
2013
-78
1935
1985
-50
1935
2013
-78
1935
2013
-78
1935
1985
-50
1935
1985
-50
1935
1985
-50
1935
1985
-50
1935
2013
-78
1935
1918
17
1935
1985
-50
1935
2013
-78
1935
1918
17
1935
1918
17
1935
2013
-78
1935
1985
-50
1935
2013
-78
1935
2013
-78
1935
2013
-78
1935
1918
17
1935
2013
-78
1935
1985
-50
1935
1985
-50
1935
1985
-50
1935
1918
17
1935
1985
-50
1937
2013
-76
1937
1985
-48
2007
1985
22
1937
2013
-76
1937
1985
-48
1937
2013
-76
1937
1985
-48
1937
1985
-48
1937
1985
-48
1937
2013
-76
1937
1985
-48
1937
2013
-76
1937
1985
-48
1937
1985
-48
1937
2013
-76
1937
1918
19
1937
1985
-48
1937
1918
19
1937
1985
-48
1937
2013
-76
1937
1985
-48
1937
1985
-48
1937
1985
-48
1937
1985
-48
1937
2013
-76
1937
1985
-48
1937
1985
-48
1937
1985
-48
1938
1918
20
1938
2013
-75
1938
2013
-75
1938
1985
-47
1938
2013
-75
1938
2013
-75
1938
1985
-47
1938
1985
-47
1938
2013
-75
1938
1985
-47
1938
2013
-75
1938
2013
-75
1938
1918
20
1938
1985
-47
1938
2013
-75
1939
2013
-74
1938
2013
-75
1939
1985
-46
1939
1985
-46
1939
2013
-74
1939
2013
-74
1939
2013
-74
1939
2013
-74
1939
2013
-74
2011
1918
93
1944
1918
26
1934
2013
-79
1813
2013
-200
2012
1934
78
1497
1820
-323
2010
2013
-3
1883
2013
-130
1924
2013
-89
1924
1985
-61
1924
1918
6
1924
2013
-89
1924
2013
-89
1937
2013
-76
1923
1985
-62
1923
2013
-90
1919
2013
-94
1920
2013
-93
1914
2013
-99
1914
1985
-71
1914
1985
-71
1914
1985
-71
1933
2013
-80
1914
1985
-71
1914
2013
-99
1842
1985
-143
1934
2013
-79
1937
1985
-48
1939
2013
-74
1935
2013
-78
1937
1985
-48
1937
1918
19
1937
1985
-48
1937
2013
-76
1900
1985
-85
1900
2013
-113
1900
2013
-113
1900
1985
-85
1933
2013
-80
1900
2013
-113
1900
1985
-85
1926
1918
8
1925
2013
-88
1925
1985
-60
1926
2013
-87
1927
1985
-58
1924
2013
-89
1925
2013
-88
1932
2013
-81
1927
1985
-58
1927
2013
-86
1928
1918
10
1932
2013
-81
1934
2013
-79
1934
2013
-79
1935
2013
-78
1933
1985
-52
1930
1918
12
1932
1985
-53
1930
1985
-55
1930
1985
-55
1917
2013
-96
1891
2013
-122
1917
2013
-96
1890
2013
-123
1917
2013
-96
1890
2013
-123
1917
2013
-96
2010
2013
-3
1934
1781
153
1992
1985
7
1991
1985
6
1991
1918
73
1992
1985
7
2001
1918
83
1994
2013
-19
2002
2013
-11
1979
2013
-34
1979
1985
-6
1978
1985
-7
1978
1985
-7
1981
1985
-4
1924
1985
-61
1932
2013
-81
1927
2013
-86
1927
2013
-86
1927
2013
-86
1927
2013
-86
1927
2013
-86
1927
1985
-58
1927
2013
-86
1927
2013
-86
1927
1985
-58
1927
2013
-86
1927
1918
9
1926
2013
-87
1926
2013
-87
1926
1985
-59
1926
1918
8
2010
2013
-3
1927
2013
-86
1994
1985
9
1994
1918
76
1926
2013
-87
1921
2013
-92
1921
1985
-64
1921
2013
-92
1921
1985
-64
1921
1985
-64
1912
2013
-101
1921
2013
-92
1914
2013
-99
1915
1820
95
1915
1820
95
1921
2013
-92
1921
2013
-92
1913
2013
-100
1921
2013
-92
1921
1985
-64
1915
2013
-98
1921
1985
-64
1921
2013
-92
1921
1985
-64
1921
2013
-92
1921
2013
-92
1921
2013
-92
1921
1985
-64
1921
2013
-92
1921
2013
-92
1921
1985
-64
1921
1985
-64
1927
2013
-86
1927
2013
-86
1927
2013
-86
1927
1985
-58
1927
2013
-86
1927
2013
-86
1927
2013
-86
1927
2013
-86
1927
2013
-86
1927
2013
-86
1927
2013
-86
1927
2013
-86
1927
1985
-58
1928
2013
-85
1928
2013
-85
1928
2013
-85
1928
2013
-85
1928
1985
-57
1928
1985
-57
1928
2013
-85
1928
2013
-85
1928
1985
-57
1928
1985
-57
1928
1985
-57
1928
2013
-85
1928
2013
-85
1929
2013
-84
1929
2013
-84
1929
2013
-84
1929
1985
-56
1929
2013
-84
1929
1985
-56
1929
2013
-84
1929
2013
-84
1929
2013
-84
1921
2013
-92
1929
2013
-84
1921
1985
-64
1917
2013
-96
1917
2013
-96
1928
2013
-85
1921
2013
-92
1921
1985
-64
1928
1985
-57
1917
2013
-96
1928
2013
-85
1928
2013
-85
1928
2013
-85
1928
2013
-85
1928
1985
-57
1928
1985
-57
1928
1985
-57
1928
2013
-85
1928
1985
-57
1928
1918
10
1928
2013
-85
1928
1985
-57
1929
1918
11
1929
1985
-56
1929
2013
-84
1929
1918
11
1929
1918
11
1930
1985
-55
1930
2013
-83
1929
1985
-56
1929
2013
-84
1929
1985
-56
1930
1985
-55
1930
2013
-83
1930
1985
-55
1930
1985
-55
1930
1918
12
1869
1820
49
1929
2013
-84
1926
2013
-87
1929
1985
-56
1929
2013
-84
1929
2013
-84
1929
2013
-84
1929
2013
-84
1929
1985
-56
1936
2013
-77
1936
1985
-49
1936
2013
-77
1937
1918
19
1937
2013
-76
1937
2013
-76
1937
1985
-48
1937
2013
-76
1937
2013
-76
1937
2013
-76
1937
1985
-48
1937
2013
-76
1937
1985
-48
1937
1985
-48
1937
1918
19
1937
2013
-76
1937
2013
-76
1922
1985
-63
1922
1985
-63
1922
2013
-91
1922
2013
-91
1922
1985
-63
1937
1985
-48
1937
2013
-76
1937
2013
-76
1937
2013
-76
1937
2013
-76
1922
2013
-91
1922
1985
-63
1922
2013
-91
1922
1985
-63
1922
2013
-91
1922
1985
-63
1923
2013
-90
1923
1985
-62
1923
1985
-62
1936
1985
-49
1936
2013
-77
1936
2013
-77
1936
1985
-49
1936
2013
-77
1936
2013
-77
1936
1985
-49
1936
2013
-77
1936
1985
-49
1922
2013
-91
1936
2013
-77
1936
2013
-77
1937
2013
-76
1922
1985
-63
1922
1781
141
1937
2013
-76
1938
2013
-75
1925
2013
-88
1937
2013
-76
1937
2013
-76
1925
1985
-60
1925
2013
-88
1925
2013
-88
1926
2013
-87
1926
1985
-59
1923
2013
-90
1923
2013
-90
1923
1985
-62
1923
1985
-62
1923
1985
-62
1925
1985
-60
1925
2013
-88
1925
1918
7
1925
2013
-88
1925
2013
-88
1923
1985
-62
1923
2013
-90
1923
1918
5
1923
1985
-62
1923
2013
-90
1923
2013
-90
1991
1985
6
1923
2013
-90
1923
2013
-90
1923
2013
-90
1923
1985
-62
1992
1985
7
1923
1985
-62
1923
1985
-62
1923
2013
-90
1926
1985
-59
1926
2013
-87
1926
2013
-87
1926
1985
-59
1926
2013
-87
1938
2013
-75
1926
1985
-59
1926
2013
-87
1926
2013
-87
1926
2013
-87
1938
1985
-47
1938
2013
-75
1926
2013
-87
1926
1985
-59
1938
1985
-47
1938
2013
-75
1938
1985
-47
1926
2013
-87
1926
1985
-59
1926
2013
-87
1938
1985
-47
1926
1985
-59
1926
2013
-87
1926
1985
-59
1926
1985
-59
1926
2013
-87
1938
2013
-75
1938
2013
-75
1938
1985
-47
1938
1985
-47
1926
2013
-87
1926
1985
-59
1926
1985
-59
1938
2013
-75
1926
1985
-59
1938
2013
-75
1938
2013
-75
1938
1985
-47
1938
2013
-75
1938
1985
-47
1938
2013
-75
1938
1985
-47
1938
2013
-75
1909
1985
-76
1909
2013
-104
1909
1985
-76
1909
2013
-104
1909
1985
-76
1909
1985
-76
1909
2013
-104
1909
1985
-76
1909
2013
-104
1909
2013
-104
1909
1985
-76
1909
2013
-104
1915
1985
-70
1915
2013
-98
1927
2013
-86
1927
1985
-58
1915
1985
-70
1909
2013
-104
1917
1918
-1
1917
1985
-68
1919
2013
-94
1919
2013
-94
1919
2013
-94
1919
2013
-94
1919
2013
-94
1919
2013
-94
1931
2013
-82
1930
1985
-55
1919
2013
-94
1919
2013
-94
1919
2013
-94
1919
2013
-94
1919
2013
-94
1919
2013
-94
1919
1918
1
1919
2013
-94
1919
2013
-94
1919
1985
-66
1919
2013
-94
1919
2013
-94
1919
1985
-66
1920
1918
2
1920
1985
-65
1920
1985
-65
1934
2013
-79
1934
1985
-51
1934
2013
-79
1934
2013
-79
1934
2013
-79
1934
2013
-79
1920
2013
-93
1920
2013
-93
1934
2013
-79
1934
1985
-51
1934
1985
-51
1934
2013
-79
1934
1781
153
1935
2013
-78
1934
1985
-51
1935
1985
-50
1920
2013
-93
1920
2013
-93
1934
1985
-51
1934
1985
-51
1935
1985
-50
1935
1985
-50
1935
1985
-50
1935
1985
-50
1935
2013
-78
1935
1985
-50
1935
1947
-12
1935
1985
-50
1935
1985
-50
1935
1985
-50
1934
2013
-79
1935
1918
17
1935
1985
-50
1935
2013
-78
1935
2013
-78
1935
2013
-78
1935
2013
-78
1920
2013
-93
1920
2013
-93
1920
2013
-93
1920
2013
-93
1920
2013
-93
1920
2013
-93
1920
2013
-93
1920
2013
-93
1920
2013
-93
1920
2013
-93
1920
1985
-65
1920
2013
-93
1920
2013
-93
1920
2013
-93
1920
1985
-65
1920
2013
-93
1920
2013
-93
1920
1985
-65
1920
2013
-93
1920
2013
-93
1920
2013
-93
1920
2013
-93
1920
1985
-65
1920
1985
-65
1920
1985
-65
1920
2013
-93
1921
2013
-92
1914
1985
-71
1914
1985
-71
1914
2013
-99
1914
2013
-99
1914
1985
-71
1914
1985
-71
1914
1985
-71
1914
2013
-99
1914
2013
-99
1914
2013
-99
1968
2013
-45
2010
1918
92
1969
1985
-16
1969
1985
-16
1914
1918
-4
1916
2013
-97
1916
2013
-97
1916
2013
-97
1916
1985
-69
2006
1985
21
2006
1918
88
2008
1985
23
1916
1985
-69
1916
2013
-97
1916
2013
-97
1916
2013
-97
1916
1985
-69
1916
1985
-69
1916
2013
-97
1916
2013
-97
1916
2013
-97
1928
1918
10
1928
2013
-85
1929
2013
-84
1929
1918
11
1929
1985
-56
1930
1985
-55
1929
2013
-84
1930
2013
-83
1930
1985
-55
1929
1985
-56
1934
2013
-79
1909
2013
-104
1909
2013
-104
1909
2013
-104
1909
1985
-76
1909
2013
-104
1981
1985
-4
1981
2013
-32
1981
1918
63
1981
1918
63
1981
2013
-32
1981
1985
-4
1981
1918
63
1981
1918
63
1980
2013
-33
1981
1985
-4
1981
1918
63
1981
1918
63
1981
2013
-32
1981
1985
-4
1981
1985
-4
1981
1985
-4
1981
1985
-4
1982
2013
-31
1989
1985
4
1988
2013
-25
1988
2013
-25
1989
2013
-24
1989
1918
71
1989
2013
-24
1984
2013
-29
1988
2013
-25
1982
2013
-31
1981
2013
-32
1987
2013
-26
1989
1985
4
1988
1985
3
1985
2013
-28
1985
2013
-28
1985
2013
-28
1989
1985
4
1987
2013
-26
1981
1985
-4
1988
1918
70
1983
1985
-2
1984
2013
-29
1979
1985
-6
1989
2013
-24
1988
1985
3
1989
1985
4
1988
1985
3
1978
1985
-7
1949
1918
31
1982
2013
-31
1980
2013
-33
1981
2013
-32
1968
2013
-45
1979
1985
-6
1981
1985
-4
1981
1985
-4
1981
1918
63
1981
2013
-32
1981
1918
63
1981
2013
-32
1979
2013
-34
1982
2013
-31
1980
2013
-33
1981
1918
63
1981
1985
-4
1981
1985
-4
1981
1985
-4
1981
2013
-32
1981
1985
-4
1981
2013
-32
1981
1985
-4
1981
2013
-32
1981
1985
-4
1981
1985
-4
1981
1985
-4
1981
2013
-32
1980
2013
-33
1981
1985
-4
1981
1985
-4
1981
1985
-4
1980
1985
-5
1981
1985
-4
1981
1918
63
1981
1985
-4
1981
1985
-4
1981
1918
63
1981
1985
-4
1981
2013
-32
1981
1985
-4
1981
1985
-4
1981
1985
-4
1981
2013
-32
1981
1985
-4
1981
1918
63
1981
1985
-4
1981
1985
-4
1981
1985
-4
1981
1918
63
1981
1985
-4
1980
1985
-5
1981
1985
-4
1933
1985
-52
2008
2013
-5
2011
1918
93
1981
1985
-4
1981
1985
-4
1981
1918
63
1981
2013
-32
1981
1985
-4
1981
1985
-4
1980
2013
-33
1981
2013
-32
1981
2013
-32
1981
1985
-4
1981
1985
-4
1981
2013
-32
1981
1918
63
1981
1985
-4
1981
2013
-32
1981
2013
-32
1981
1985
-4
1981
1985
-4
1981
2013
-32
1981
1918
63
1981
1985
-4
1981
1985
-4
1981
2013
-32
1981
1985
-4
1968
1918
50
1989
1985
4
1990
2013
-23
1988
1918
70
1986
1985
1
1988
2013
-25
1986
1918
68
1987
2013
-26
1987
2013
-26
1988
2013
-25
1985
2013
-28
1987
1985
2
1988
1985
3
1988
2013
-25
1989
1918
71
1988
1964
24
1980
1985
-5
1988
1918
70
1988
2013
-25
1981
1985
-4
1981
2013
-32
1982
1985
-3
1977
1985
-8
1979
1918
61
1980
2013
-33
1981
1985
-4
1977
2013
-36
1981
1964
17
1981
2013
-32
1981
1918
63
1980
1985
-5
1986
2013
-27
1988
1985
3
1977
2013
-36
1987
1985
2
1987
1918
69
1985
2013
-28
1983
1985
-2
1978
2013
-35
1981
1918
63
1981
1985
-4
1980
2013
-33
1981
1918
63
1981
2013
-32
1981
1985
-4
1981
1985
-4
1981
1985
-4
1981
2013
-32
1981
2013
-32
1981
2013
-32
1981
1985
-4
1981
2013
-32
1981
2013
-32
1981
1918
63
1981
2013
-32
1981
1985
-4
1981
2013
-32
1981
1985
-4
1981
1985
-4
1981
2013
-32
1981
2013
-32
1981
1918
63
1980
1985
-5
1981
1918
63
1981
2013
-32
1981
2013
-32
1981
1985
-4
1981
1985
-4
1981
1918
63
1981
2013
-32
1981
1985
-4
1981
1985
-4
1981
1985
-4
1981
1985
-4
1981
1918
63
1980
1985
-5
1981
1985
-4
1981
1985
-4
1981
1985
-4
1981
2013
-32
1981
1985
-4
1981
1985
-4
2009
1985
24
1981
1918
63
56
