1981
1811
170
1981
2007
-26
1980
1804
176
1981
2005
-24
1981
1953
28
1981
1869
112
1981
1830
151
1981
1804
177
1968
1932
36
1989
1814
175
1989
1988
1
1981
1804
177
1987
1842
145
1988
2011
-23
1987
1804
183
1986
1783
203
1989
1804
185
1982
1804
178
1985
1804
181
1986
1815
171
1986
1804
182
1988
1961
27
1986
1824
162
1990
2012
-22
1988
1804
184
1981
2005
-24
1990
2012
-22
1977
2012
-35
1968
1853
115
1981
1833
148
1980
1804
176
1978
1804
174
1981
1877
104
1988
2012
-24
1988
2012
-24
1986
1830
156
1986
1847
139
1986
2012
-26
1984
1804
180
1984
1804
180
1982
2004
-22
1981
1804
177
1977
1804
173
1977
2011
-34
1980
1804
176
1981
1804
177
1981
1882
99
1981
2012
-31
1981
2009
-28
1981
2012
-31
1981
1804
177
1981
1804
177
1981
2007
-26
1981
2007
-26
1981
1960
21
1981
1953
28
1981
1804
177
1981
2012
-31
1981
1833
148
1981
2012
-31
1981
2012
-31
1981
2011
-30
1980
1912
68
1981
1929
52
1981
1804
177
1981
1804
177
1981
2006
-25
1981
1804
177
1981
1841
140
1981
1804
177
1981
1921
60
1981
1987
-6
1981
1802
179
1981
1815
166
1981
1990
-9
1981
2011
-30
2013
1804
209
2009
2012
-3
2008
2012
-4
2010
2012
-2
1930
1826
104
1929
1821
108
1932
1804
128
1932
1987
-55
1932
1817
115
1932
1804
128
1932
1804
128
1932
1946
-14
1932
1804
128
1999
2006
-7
1932
1823
109
1932
1820
112
1932
1804
128
1932
1804
128
1932
1804
128
1932
1804
128
1932
1814
118
1932
1812
120
1932
1804
128
1932
1804
128
1932
1804
128
1932
1804
128
1932
1798
134
1932
1804
128
1932
1804
128
1933
1804
129
1930
1988
-58
1930
1843
87
1930
1789
141
1996
2009
-13
1932
1804
128
1996
2010
-14
1932
1806
126
1932
1953
-21
1932
1966
-34
2004
2010
-6
1933
1827
106
1933
1957
-24
1933
1804
129
1933
1799
134
1933
1778
155
1933
1782
151
1933
1965
-32
1933
1825
108
1933
1948
-15
1933
1818
115
1933
1805
128
2001
2012
-11
1932
1821
111
1933
1814
119
2003
2012
-9
1933
1804
129
1933
1802
131
1933
1795
138
1933
1807
126
2001
2011
-10
2001
1819
182
1930
1804
126
1930
1821
109
1930
1812
118
1930
1957
-27
1930
1966
-36
1930
1921
9
1930
1804
126
1930
1853
77
1930
1804
126
1930
1921
9
1931
1792
139
1931
1804
127
1931
1804
127
1930
1804
126
1931
1804
127
1931
1804
127
1931
1984
-53
1931
1956
-25
1931
1804
127
1930
1806
124
1930
1805
125
1930
1804
126
1930
1804
126
1930
1975
-45
1930
1930
0
1930
1804
126
1930
1989
-59
1930
1804
126
1930
1804
126
1930
1960
-30
1930
1840
90
1930
1975
-45
1930
1937
-7
1930
1804
126
1930
1898
32
1930
1804
126
1930
1809
121
1930
1827
103
1930
1804
126
1930
1837
93
1931
1804
127
1932
1797
135
1932
1804
128
1932
1804
128
1932
1797
135
1932
1804
128
1932
1804
128
1932
1804
128
1930
1956
-26
1930
1804
126
1931
1804
127
1931
1804
127
1931
1966
-35
1931
1804
127
1931
1791
140
1931
1826
105
1931
1804
127
1936
1990
-54
1936
1804
132
1901
1962
-61
1936
1804
132
1936
1782
154
1936
1815
121
1936
1798
138
1936
1804
132
1936
1828
108
1936
1795
141
1936
1952
-16
1936
1863
73
1936
1990
-54
1936
1959
-23
1936
1826
110
1935
1818
117
1935
1804
131
1937
1837
100
1937
1948
-11
1937
1804
133
1937
2005
-68
1937
1784
153
1937
1982
-45
2008
1828
180
1936
1789
147
2011
2012
-1
1936
1804
132
1936
1943
-7
1936
1782
154
1936
1930
6
1936
1777
159
1934
1991
-57
1934
1804
130
1934
2004
-70
1934
1777
157
1934
1800
134
1934
1988
-54
1934
1806
128
1934
1946
-12
1934
1804
130
1934
1804
130
1934
1804
130
1934
1804
130
1934
1971
-37
1934
1804
130
1934
1827
107
1934
1804
130
1934
1952
-18
1934
1806
128
1934
1804
130
1934
1804
130
1934
1806
128
1934
1804
130
1934
1787
147
1934
1924
10
1934
1806
128
1934
1815
119
1934
1806
128
1934
1814
120
1934
1807
127
1934
1804
130
1934
1811
123
1934
1804
130
1935
2008
-73
1935
1804
131
1935
1786
149
1935
1931
4
1935
1993
-58
1935
1961
-26
1935
1895
40
1935
1776
159
1935
1821
114
1935
1931
4
1935
1832
103
1935
1806
129
1935
1991
-56
1935
2005
-70
1935
1990
-55
1935
1924
11
1935
1804
131
1935
1840
95
1935
1804
131
1935
1828
107
1935
1804
131
1935
1804
131
1935
1972
-37
1935
1846
89
1935
1966
-31
1935
1840
95
1935
1993
-58
1937
2007
-70
1937
1777
160
2007
1867
140
1937
1898
39
1937
2010
-73
1937
1962
-25
1937
1910
27
1937
1837
100
1937
1966
-29
1937
1775
162
1937
1948
-11
1937
1975
-38
1937
1913
24
1937
1818
119
1937
1815
122
1937
2007
-70
1937
1818
119
1937
1840
97
1937
1962
-25
1937
1989
-52
1937
2005
-68
1937
1840
97
1937
1804
133
1937
1784
153
1937
1821
116
1937
1777
160
1937
1804
133
1937
1980
-43
1938
1804
134
1938
1804
134
1938
1839
99
1938
1804
134
1938
1804
134
1938
1804
134
1938
1804
134
1938
1804
134
1938
1804
134
1938
1804
134
1938
1804
134
1938
1823
115
1938
1804
134
1938
1921
17
1938
1980
-42
1939
1804
135
1938
1956
-18
1939
1799
140
1939
1837
102
1939
1827
112
1939
1804
135
1939
1987
-48
1939
1804
135
1939
1804
135
2011
2012
-1
1944
1839
105
1934
1804
130
1813
1804
9
2012
1804
208
2010
1804
206
1883
1804
79
1924
1825
99
1924
2010
-86
1924
1934
-10
1924
1847
77
1924
2012
-88
1937
1804
133
1923
2005
-82
1923
1915
8
1919
1948
-29
1920
1991
-71
1914
1804
110
1914
1804
110
1914
1804
110
1914
1987
-73
1933
1804
129
1914
2012
-98
1914
1811
103
1842
1812
30
1934
2012
-78
1937
1991
-54
1939
1801
138
1935
1804
131
1937
1821
116
1937
1782
155
1937
1838
99
1937
1966
-29
1900
1890
10
1900
1804
96
1900
1804
96
1900
1942
-42
1933
1804
129
1900
1804
96
1900
2006
-106
1926
2012
-86
1925
1996
-71
1925
1839
86
1926
2012
-86
1927
1852
75
1924
2012
-88
1925
2012
-87
1932
2007
-75
1927
1826
101
1927
1804
123
1928
1953
-25
1932
1992
-60
1934
1804
130
1934
1804
130
1935
1804
131
1933
1804
129
1930
1995
-65
1932
1975
-43
1930
2012
-82
1930
1776
154
1917
2007
-90
1891
1804
87
1917
2010
-93
1890
2004
-114
1917
2012
-95
1890
2012
-122
1917
1990
-73
2010
1804
206
1934
1804
130
1992
2012
-20
1991
2012
-21
1991
2012
-21
1992
2004
-12
2001
2012
-11
1994
1818
176
2002
2012
-10
1979
1799
180
1979
2012
-33
1978
1804
174
1978
2012
-34
1981
1915
66
1924
2009
-85
1932
1804
128
1927
1804
123
1927
1804
123
1927
1804
123
1927
1950
-23
1927
1804
123
1927
1777
150
1927
1804
123
1927
1804
123
1927
1804
123
1927
1908
19
1927
1953
-26
1926
1946
-20
1926
2008
-82
1926
1870
56
1926
1990
-64
2010
1804
206
1927
1804
123
1994
2012
-18
1994
1874
120
1926
1965
-39
1921
1804
117
1921
2012
-91
1921
1966
-45
1921
2012
-91
1921
1815
106
1912
1804
108
1921
2012
-91
1914
1804
110
1915
1804
111
1915
1804
111
1921
1939
-18
1921
1913
8
1913
1804
109
1921
1889
32
1921
1815
106
1915
1804
111
1921
1844
77
1921
2012
-91
1921
1998
-77
1921
1795
126
1921
1827
94
1921
2009
-88
1921
1804
117
1921
2012
-91
1921
1975
-54
1921
2007
-86
1921
2010
-89
1927
1804
123
1927
1804
123
1927
1804
123
1927
1814
113
1927
1804
123
1927
1804
123
1927
2012
-85
1927
1821
106
1927
1777
150
1927
1932
-5
1927
1804
123
1927
2012
-85
1927
1830
97
1928
1966
-38
1928
1966
-38
1928
1804
124
1928
1792
136
1928
2006
-78
1928
1805
123
1928
1961
-33
1928
1804
124
1928
1821
107
1928
2012
-84
1928
1979
-51
1928
2009
-81
1928
1840
88
1929
1934
-5
1929
1827
102
1929
1804
125
1929
1839
90
1929
1804
125
1929
1966
-37
1929
1843
86
1929
1782
147
1929
1955
-26
1921
1805
116
1929
1804
125
1921
2006
-85
1917
1804
113
1917
1804
113
1928
1804
124
1921
1947
-26
1921
1841
80
1928
1992
-64
1917
1804
113
1928
1804
124
1928
1804
124
1928
1804
124
1928
1804
124
1928
1798
130
1928
2011
-83
1928
1797
131
1928
1804
124
1928
1966
-38
1928
1990
-62
1928
1957
-29
1928
2005
-77
1929
1804
125
1929
1949
-20
1929
1818
111
1929
1923
6
1929
1804
125
1930
1804
126
1930
1804
126
1929
1923
6
1929
1827
102
1929
1985
-56
1930
1953
-23
1930
1832
98
1930
1804
126
1930
2009
-79
1930
1776
154
1869
1804
65
1929
1804
125
1926
1804
122
1929
1840
89
1929
1804
125
1929
1845
84
1929
1990
-61
1929
1980
-51
1929
1932
-3
1936
1815
121
1936
2009
-73
1936
1804
132
1937
1810
127
1937
1790
147
1937
1998
-61
1937
1823
114
1937
1777
160
1937
1825
112
1937
1806
131
1937
1961
-24
1937
1828
109
1937
2006
-69
1937
2004
-67
1937
1916
21
1937
1965
-28
1937
1990
-53
1922
1815
107
1922
1804
118
1922
1804
118
1922
1804
118
1922
1804
118
1937
1817
120
1937
1817
120
1937
1908
29
1937
1923
14
1937
1931
6
1922
2012
-90
1922
1804
118
1922
1804
118
1922
1798
124
1922
1804
118
1922
1826
96
1923
1818
105
1923
1850
73
1923
1948
-25
1936
1941
-5
1936
1930
6
1936
1830
106
1936
1808
128
1936
1817
119
1936
1804
132
1936
1806
130
1936
1993
-57
1936
1987
-51
1922
1804
118
1936
1804
132
1936
1804
132
1937
1974
-37
1922
1804
118
1922
1804
118
1937
1800
137
1938
1946
-8
1925
1971
-46
1937
1804
133
1937
1804
133
1925
1810
115
1925
1804
121
1925
1804
121
1926
1804
122
1926
1804
122
1923
1801
122
1923
1838
85
1923
1931
-8
1923
1819
104
1923
1828
95
1925
1804
121
1925
1804
121
1925
1804
121
1925
1804
121
1925
1957
-32
1923
2006
-83
1923
2009
-86
1923
2009
-86
1923
2012
-89
1923
1969
-46
1923
1795
128
1991
2012
-21
1923
2011
-88
1923
1990
-67
1923
1826
97
1923
1998
-75
1992
2012
-20
1923
1867
56
1923
1990
-67
1923
1990
-67
1926
1842
84
1926
1804
122
1926
1949
-23
1926
1915
11
1926
1804
122
1938
1804
134
1926
1988
-62
1926
1806
120
1926
1804
122
1926
1986
-60
1938
1797
141
1938
1804
134
1926
1943
-17
1926
2008
-82
1938
1946
-8
1938
1804
134
1938
1816
122
1926
1988
-62
1926
1804
122
1926
1942
-16
1938
1816
122
1926
1804
122
1926
1804
122
1926
1804
122
1926
1792
134
1926
1804
122
1938
1776
162
1938
1840
98
1938
2005
-67
1938
1953
-15
1926
1804
122
1926
1804
122
1926
2009
-83
1938
1995
-57
1926
1804
122
1938
1829
109
1938
1778
160
1938
1990
-52
1938
1995
-57
1938
2012
-74
1938
1932
6
1938
1816
122
1938
1949
-11
1909
1906
3
1909
2012
-103
1909
2012
-103
1909
2011
-102
1909
2006
-97
1909
1969
-60
1909
1838
71
1909
2004
-95
1909
1896
13
1909
1839
70
1909
1953
-44
1909
1903
6
1915
2012
-97
1915
2009
-94
1927
1966
-39
1927
2012
-85
1915
2010
-95
1909
1839
70
1917
1804
113
1917
1827
90
1919
1964
-45
1919
1807
112
1919
1801
118
1919
2009
-90
1919
2004
-85
1919
1955
-36
1931
2011
-80
1930
1966
-36
1919
1804
115
1919
1944
-25
1919
1804
115
1919
1931
-12
1919
1798
121
1919
1804
115
1919
1804
115
1919
1841
78
1919
1804
115
1919
1962
-43
1919
1793
126
1919
1812
107
1919
1932
-13
1920
2008
-88
1920
1826
94
1920
1819
101
1934
1804
130
1934
1804
130
1934
1990
-56
1934
1805
129
1934
1804
130
1934
1802
132
1920
1963
-43
1920
1819
101
1934
1779
155
1934
1817
117
1934
2006
-72
1934
1776
158
1934
1804
130
1935
1804
131
1934
1815
119
1935
2008
-73
1920
1912
8
1920
1921
-1
1934
2012
-78
1934
1916
18
1935
1804
131
1935
1975
-40
1935
1807
128
1935
1934
1
1935
1804
131
1935
1804
131
1935
1804
131
1935
1784
151
1935
1966
-31
1935
1804
131
1934
1804
130
1935
1817
118
1935
1953
-18
1935
1981
-46
1935
1804
131
1935
1804
131
1935
1804
131
1920
1804
116
1920
1818
102
1920
1804
116
1920
1994
-74
1920
1818
102
1920
1804
116
1920
1804
116
1920
1990
-70
1920
1804
116
1920
1804
116
1920
1818
102
1920
1818
102
1920
1804
116
1920
1926
-6
1920
1779
141
1920
1797
123
1920
1877
43
1920
1785
135
1920
1804
116
1920
2004
-84
1920
1804
116
1920
1799
121
1920
1804
116
1920
1954
-34
1920
1806
114
1920
1804
116
1921
1804
117
1914
2010
-96
1914
1838
76
1914
1827
87
1914
1804
110
1914
1932
-18
1914
2008
-94
1914
1998
-84
1914
1918
-4
1914
1821
93
1914
2012
-98
1968
2004
-36
2010
2012
-2
1969
2012
-43
1969
2012
-43
1914
1961
-47
1916
1804
112
1916
2012
-96
1916
1890
26
1916
2012
-96
2006
2011
-5
2006
2012
-6
2008
2012
-4
1916
2011
-95
1916
1804
112
1916
1804
112
1916
1804
112
1916
1784
132
1916
1991
-75
1916
1804
112
1916
2008
-92
1916
1957
-41
1928
1804
124
1928
1811
117
1929
1804
125
1929
1966
-37
1929
1949
-20
1930
1964
-34
1929
1952
-23
1930
1804
126
1930
1804
126
1929
1804
125
1934
2008
-74
1909
2012
-103
1909
1934
-25
1909
2004
-95
1909
1894
15
1909
1946
-37
1981
1951
30
1981
1995
-14
1981
1852
129
1981
1995
-14
1981
1804
177
1981
2012
-31
1981
1776
205
1981
1804
177
1980
1906
74
1981
1821
160
1981
1804
177
1981
1783
198
1981
1804
177
1981
1807
174
1981
1804
177
1981
1990
-9
1981
1804
177
1982
1804
178
1989
1804
185
1988
1777
211
1988
1804
184
1989
1804
185
1989
1804
185
1989
1804
185
1984
1947
37
1988
1804
184
1982
1804
178
1981
1804
177
1987
1827
160
1989
2005
-16
1988
1804
184
1985
1804
181
1985
1827
158
1985
1804
181
1989
1825
164
1987
1804
183
1981
2012
-31
1988
1804
184
1983
1804
179
1984
2011
-27
1979
2010
-31
1989
1852
137
1988
1915
73
1989
1804
185
1988
1932
56
1978
2008
-30
1949
1804
145
1982
2012
-30
1980
1968
12
1981
1826
155
1968
1845
123
1979
2012
-33
1981
1804
177
1981
1882
99
1981
1804
177
1981
1975
6
1981
1964
17
1981
1946
35
1979
1934
45
1982
2009
-27
1980
1804
176
1981
1840
141
1981
1898
83
1981
2012
-31
1981
2012
-31
1981
1804
177
1981
1911
70
1981
2009
-28
1981
2010
-29
1981
1915
66
1981
1982
-1
1981
2012
-31
1981
2005
-24
1981
1804
177
1980
1983
-3
1981
1915
66
1981
2012
-31
1981
1795
186
1980
2010
-30
1981
1804
177
1981
1971
10
1981
1805
176
1981
2006
-25
1981
1840
141
1981
1953
28
1981
1816
165
1981
1990
-9
1981
1804
177
1981
1826
155
1981
1815
166
1981
1962
19
1981
1992
-11
1981
1990
-9
1981
1872
109
1981
1930
51
1981
1947
34
1981
2009
-28
1980
2012
-32
1981
2010
-29
1933
1832
101
2008
2012
-4
2011
2012
-1
1981
2007
-26
1981
1962
19
1981
1899
82
1981
1804
177
1981
2005
-24
1981
1804
177
1980
2012
-32
1981
1827
154
1981
1804
177
1981
1804
177
1981
1966
15
1981
1979
2
1981
1804
177
1981
2012
-31
1981
2009
-28
1981
1786
195
1981
1804
177
1981
1932
49
1981
1957
24
1981
1867
114
1981
1804
177
1981
1992
-11
1981
1838
143
1981
1943
38
1968
2006
-38
1989
2012
-23
1990
1804
186
1988
1850
138
1986
1804
182
1988
1804
184
1986
1911
75
1987
1804
183
1987
1946
41
1988
1827
161
1985
1989
-4
1987
1870
117
1988
2009
-21
1988
1804
184
1989
2012
-23
1988
1804
184
1980
1982
-2
1988
1804
184
1988
1804
184
1981
2010
-29
1981
1804
177
1982
1804
178
1977
2011
-34
1979
1804
175
1980
1827
153
1981
1975
6
1977
1804
173
1981
1804
177
1981
1804
177
1981
1959
22
1980
1953
27
1986
1804
182
1988
1949
39
1977
1804
173
1987
1832
155
1987
1943
44
1985
1804
181
1983
2011
-28
1978
1974
4
1981
1994
-13
1981
1869
112
1980
1949
31
1981
2005
-24
1981
2012
-31
1981
2012
-31
1981
1804
177
1981
1994
-13
1981
2006
-25
1981
2008
-27
1981
1804
177
1981
1964
17
1981
1804
177
1981
1921
60
1981
2008
-27
1981
1941
40
1981
1804
177
1981
1804
177
1981
1932
49
1981
2009
-28
1981
1804
177
1981
1990
-9
1981
2012
-31
1980
1955
25
1981
1804
177
1981
2012
-31
1981
2006
-25
1981
2011
-30
1981
2007
-26
1981
1804
177
1981
1804
177
1981
1804
177
1981
1797
184
1981
1913
68
1981
1946
35
1981
1908
73
1980
1973
7
1981
2009
-28
1981
1815
166
1981
1804
177
1981
2012
-31
1981
1804
177
1981
2012
-31
2009
2006
3
1981
1934
47
