1981
1943
38
1981
2007
-26
1980
1798
182
1981
1900
81
1981
1950
31
1981
1860
121
1981
1929
52
1981
1798
183
1968
1836
132
1989
1794
195
1989
1945
44
1981
1798
183
1987
1906
81
1988
2011
-23
1987
1798
189
1986
1782
204
1989
1798
191
1982
1798
184
1985
1798
187
1986
1951
35
1986
1798
188
1988
1948
40
1986
1927
59
1990
2012
-22
1988
1798
190
1981
2006
-25
1990
2012
-22
1977
2012
-35
1968
1850
118
1981
1828
153
1980
1798
182
1978
1798
180
1981
1862
119
1988
2012
-24
1988
2012
-24
1986
1929
57
1986
1843
143
1986
2012
-26
1984
1798
186
1984
1798
186
1982
1871
111
1981
1798
183
1977
1798
179
1977
2011
-34
1980
1798
182
1981
1798
183
1981
1889
92
1981
2012
-31
1981
2009
-28
1981
2012
-31
1981
1798
183
1981
1798
183
1981
2008
-27
1981
2007
-26
1981
1973
8
1981
1775
206
1981
1801
180
1981
2012
-31
1981
1828
153
1981
2012
-31
1981
2012
-31
1981
2011
-30
1980
1896
84
1981
1833
148
1981
1798
183
1981
1798
183
1981
2007
-26
1981
1798
183
1981
1936
45
1981
1798
183
1981
1832
149
1981
1793
188
1981
1781
200
1981
1951
30
1981
1962
19
1981
2011
-30
2013
1798
215
2009
2012
-3
2008
2012
-4
2010
2012
-2
1930
1826
104
1929
1921
8
1932
1798
134
1932
1977
-45
1932
1956
-24
1932
1798
134
1932
1798
134
1932
1964
-32
1932
1798
134
1999
1899
100
1932
1964
-32
1932
1823
109
1932
1798
134
1932
1798
134
1932
1798
134
1932
1798
134
1932
1794
138
1932
1779
153
1932
1798
134
1932
1798
134
1932
1798
134
1932
1798
134
1932
1790
142
1932
1798
134
1932
1798
134
1933
1798
135
1930
1945
-15
1930
1883
47
1930
1806
124
1996
2009
-13
1932
1786
146
1996
2010
-14
1932
1783
149
1932
1950
-18
1932
1924
8
2004
2010
-6
1933
1928
5
1933
1959
-26
1933
1982
-49
1933
1978
-45
1933
1944
-11
1933
1806
127
1933
1961
-28
1933
1927
6
1933
1952
-19
1933
1950
-17
1933
1803
130
2001
2012
-11
1932
1966
-34
1933
1795
138
2003
2012
-9
1933
1786
147
1933
1983
-50
1933
1790
143
1933
1804
129
2001
2011
-10
2001
1985
16
1930
1798
132
1930
1921
9
1930
1779
151
1930
1959
-29
1930
1923
7
1930
1832
98
1930
1798
132
1930
1866
64
1930
1798
132
1930
1827
103
1931
1805
126
1931
1798
133
1931
1798
133
1930
1798
132
1931
1798
133
1931
1798
133
1931
1779
152
1931
1958
-27
1931
1798
133
1930
1803
127
1930
1802
128
1930
1798
132
1930
1789
141
1930
1793
137
1930
1828
102
1930
1798
132
1930
1818
112
1930
1798
132
1930
1798
132
1930
1967
-37
1930
1994
-64
1930
1778
152
1930
1919
11
1930
1982
-52
1930
1909
21
1930
1798
132
1930
1805
125
1930
1928
2
1930
1798
132
1930
1837
93
1931
1798
133
1932
1790
142
1932
1798
134
1932
1798
134
1932
1790
142
1932
1798
134
1932
1798
134
1932
1798
134
1930
1984
-54
1930
1798
132
1931
1798
133
1931
1798
133
1931
1923
8
1931
1798
133
1931
1983
-52
1931
1826
105
1931
1798
133
1936
1925
11
1936
1798
138
1901
1971
-70
1936
1813
123
1936
1806
130
1936
1955
-19
1936
1790
146
1936
1798
138
1936
1920
16
1936
1790
146
1936
1989
-53
1936
1898
38
1936
1962
-26
1936
1821
115
1936
1826
110
1935
1950
-15
1935
1979
-44
1937
1996
-59
1937
1951
-14
1937
1787
150
1937
1852
85
1937
1942
-5
1937
1780
157
2008
1928
80
1936
1943
-7
2011
2012
-1
1936
1798
138
1936
1831
105
1936
1806
130
1936
1828
108
1936
1778
158
1934
1926
8
1934
1798
136
1934
1869
65
1934
1777
157
1934
1791
143
1934
1945
-11
1934
1804
130
1934
1964
-30
1934
1798
136
1934
1798
136
1934
1798
136
1934
1982
-48
1934
1819
115
1934
1798
136
1934
1928
6
1934
1982
-48
1934
1989
-55
1934
1783
151
1934
1798
136
1934
1798
136
1934
1804
130
1934
1798
136
1934
1807
127
1934
1920
14
1934
1814
120
1934
1951
-17
1934
1804
130
1934
1794
140
1934
1804
130
1934
1785
149
1934
1807
127
1934
1787
147
1935
2008
-73
1935
1798
137
1935
1780
155
1935
1930
5
1935
1927
8
1935
1948
-13
1935
1863
72
1935
1816
119
1935
1966
-31
1935
1930
5
1935
1830
105
1935
1804
131
1935
1965
-30
1935
1900
35
1935
1925
10
1935
1920
15
1935
1787
148
1935
1994
-59
1935
1798
137
1935
1928
7
1935
1787
148
1935
1798
137
1935
1989
-54
1935
1864
71
1935
1922
13
1935
2000
-65
1935
1927
8
1937
2008
-71
1937
1778
159
2007
2004
3
1937
1909
28
1937
2010
-73
1937
1971
-34
1937
1908
29
1937
1837
100
1937
1923
14
1937
1775
162
1937
1953
-16
1937
1778
159
1937
1941
-4
1937
1950
-13
1937
1951
-14
1937
2008
-71
1937
1957
-20
1937
1994
-57
1937
1971
-34
1937
1947
-10
1937
1900
37
1937
1839
98
1937
1798
139
1937
1942
-5
1937
1921
16
1937
1778
159
1937
1982
-45
1937
1944
-7
1938
1786
152
1938
1798
140
1938
1904
34
1938
1798
140
1938
1798
140
1938
1798
140
1938
1798
140
1938
1798
140
1938
1798
140
1938
1798
140
1938
1787
151
1938
1927
11
1938
1798
140
1938
1832
106
1938
1944
-6
1939
1786
153
1938
1984
-46
1939
1978
-39
1939
1996
-57
1939
1928
11
1939
1798
141
1939
1977
-38
1939
1798
141
1939
1980
-41
2011
2012
-1
1944
1935
9
1934
1798
136
1813
1798
15
2012
1798
214
2010
1801
209
1883
1798
85
1924
1927
-3
1924
2010
-86
1924
1838
86
1924
1843
81
1924
2012
-88
1937
1798
139
1923
1900
23
1923
1993
-70
1919
1951
-32
1920
1926
-6
1914
1798
116
1914
1798
116
1914
1798
116
1914
1793
121
1933
1810
123
1914
2012
-98
1914
1807
107
1842
1779
63
1934
2012
-78
1937
1991
-54
1939
1791
148
1935
1979
-44
1937
1966
-29
1937
1806
131
1937
1995
-58
1937
1924
13
1900
1884
16
1900
1798
102
1900
1798
102
1900
1835
65
1933
1798
135
1900
1980
-80
1900
1899
1
1926
2012
-86
1925
1834
91
1925
1999
-74
1926
2012
-86
1927
1879
48
1924
2012
-88
1925
2012
-87
1932
2008
-76
1927
1826
101
1927
1798
129
1928
1950
-22
1932
1964
-32
1934
1798
136
1934
1798
136
1935
1982
-47
1933
1798
135
1930
1928
2
1932
1778
154
1930
2012
-82
1930
1776
154
1917
2008
-91
1891
1798
93
1917
2010
-93
1890
1867
23
1917
2012
-95
1890
2012
-122
1917
1925
-8
2010
1798
212
1934
1798
136
1992
2012
-20
1991
2012
-21
1991
2012
-21
1992
1867
125
2001
2012
-11
1994
1957
37
2002
2012
-10
1979
1978
1
1979
2012
-33
1978
1798
180
1978
2012
-34
1981
1994
-13
1924
2009
-85
1932
1798
134
1927
1798
129
1927
1979
-52
1927
1798
129
1927
1776
151
1927
1813
114
1927
1778
149
1927
1798
129
1927
1798
129
1927
1980
-53
1927
1893
34
1927
1775
152
1926
1964
-38
1926
2008
-82
1926
1847
79
1926
1962
-36
2010
1798
212
1927
1798
129
1994
2012
-18
1994
1865
129
1926
1961
-35
1921
1798
123
1921
2012
-91
1921
1923
-2
1921
2012
-91
1921
1951
-30
1912
1798
114
1921
2012
-91
1914
1798
116
1915
1798
117
1915
1798
117
1921
1992
-71
1921
1941
-20
1913
1798
115
1921
1892
29
1921
1955
-34
1915
1798
117
1921
1894
27
1921
2012
-91
1921
1903
18
1921
1790
131
1921
1928
-7
1921
2009
-88
1921
1981
-60
1921
2012
-91
1921
1793
128
1921
2008
-87
1921
2010
-89
1927
1798
129
1927
1798
129
1927
1798
129
1927
1794
133
1927
1787
140
1927
1810
117
1927
2012
-85
1927
1966
-39
1927
1777
150
1927
1836
91
1927
1798
129
1927
2012
-85
1927
1929
-2
1928
1924
4
1928
1922
6
1928
1798
130
1928
1805
123
1928
2007
-79
1928
1802
126
1928
1820
108
1928
1787
141
1928
1962
-34
1928
2012
-84
1928
1792
136
1928
2009
-81
1928
1994
-66
1929
1838
91
1929
1826
103
1929
1798
131
1929
1999
-70
1929
1798
131
1929
1922
7
1929
1907
22
1929
1806
123
1929
1949
-20
1921
1812
109
1929
1798
131
1921
2007
-86
1917
1798
119
1917
1798
119
1928
1798
130
1921
1985
-64
1921
1905
16
1928
1825
103
1917
1798
119
1928
1798
130
1928
1798
130
1928
1798
130
1928
1798
130
1928
1790
138
1928
2011
-83
1928
1790
138
1928
1798
130
1928
1924
4
1928
1962
-34
1928
1959
-31
1928
1852
76
1929
1799
130
1929
1955
-26
1929
1950
-21
1929
1920
9
1929
1798
131
1930
1798
132
1930
1798
132
1929
1920
9
1929
1928
1
1929
1780
149
1930
1950
-20
1930
1830
100
1930
1801
129
1930
2009
-79
1930
1946
-16
1869
1798
71
1929
1798
131
1926
1798
128
1929
1918
11
1929
1798
131
1929
2003
-74
1929
1962
-33
1929
1944
-15
1929
1836
93
1936
1955
-19
1936
2009
-73
1936
1798
138
1937
1942
-5
1937
1782
155
1937
1903
34
1937
1964
-27
1937
1777
160
1937
1927
10
1937
1804
133
1937
1948
-11
1937
1928
9
1937
1899
38
1937
1871
66
1937
1904
33
1937
1972
-35
1937
1925
12
1922
1955
-33
1922
1798
124
1922
1798
124
1922
1798
124
1922
1798
124
1937
1818
119
1937
1956
-19
1937
1893
44
1937
1920
17
1937
1930
7
1922
2012
-90
1922
1798
124
1922
1798
124
1922
1790
132
1922
1798
124
1922
1826
96
1923
1957
-34
1923
1851
72
1923
1952
-29
1936
1930
6
1936
1828
108
1936
1929
7
1936
1978
-42
1936
1817
119
1936
1982
-46
1936
1783
153
1936
1927
9
1936
1977
-41
1922
1981
-59
1936
1798
138
1936
1982
-46
1937
1977
-40
1922
1798
124
1922
1798
124
1937
1791
146
1938
1964
-26
1925
1957
-32
1937
1798
139
1937
1798
139
1925
1942
-17
1925
1798
127
1925
1798
127
1926
1980
-54
1926
1798
128
1923
1791
132
1923
1997
-74
1923
1930
-7
1923
1985
-62
1923
1928
-5
1925
1798
127
1925
1798
127
1925
1798
127
1925
1798
127
1925
1959
-34
1923
1899
24
1923
2009
-86
1923
2009
-86
1923
2012
-89
1923
1969
-46
1923
1790
133
1991
2012
-21
1923
2011
-88
1923
1925
-2
1923
1826
97
1923
1903
20
1992
2012
-20
1923
2004
-81
1923
1962
-39
1923
1962
-39
1926
1906
20
1926
1798
128
1926
1986
-60
1926
2001
-75
1926
1798
128
1938
1798
140
1926
1945
-19
1926
1783
143
1926
1798
128
1926
1808
118
1938
1790
148
1938
1798
140
1926
1834
92
1926
2008
-82
1938
1964
-26
1938
1798
140
1938
1776
162
1926
1945
-19
1926
1798
128
1926
1835
91
1938
1776
162
1926
1798
128
1926
1798
128
1926
1798
128
1926
1805
121
1926
1798
128
1938
1946
-8
1938
1994
-56
1938
1853
85
1938
1775
163
1926
1798
128
1926
1798
128
1926
2009
-83
1938
1928
10
1926
1798
128
1938
1827
111
1938
1944
-6
1938
1925
13
1938
1928
10
1938
2012
-74
1938
1836
102
1938
1776
162
1938
1976
-38
1909
1874
35
1909
2012
-103
1909
2012
-103
1909
2011
-102
1909
1899
10
1909
1969
-60
1909
1998
-89
1909
1854
55
1909
1891
18
1909
1935
-26
1909
1950
-41
1909
1909
0
1915
2012
-97
1915
2009
-94
1927
1924
3
1927
2012
-85
1915
2009
-94
1909
1935
-26
1917
1798
119
1917
1826
91
1919
1974
-55
1919
1804
115
1919
1791
128
1919
2009
-90
1919
1871
48
1919
1959
-40
1931
2011
-80
1930
1923
7
1919
1813
106
1919
1833
86
1919
1798
121
1919
1930
-11
1919
1790
129
1919
1798
121
1919
1798
121
1919
1905
14
1919
1798
121
1919
1822
97
1919
1978
-59
1919
1779
140
1919
1836
83
1920
2009
-89
1920
1826
94
1920
1985
-65
1934
1798
136
1934
1798
136
1934
1925
9
1934
1784
150
1934
1798
136
1934
1781
153
1920
1974
-54
1920
1985
-65
1934
1944
-10
1934
1956
-22
1934
2007
-73
1934
1816
118
1934
1798
136
1935
1798
137
1934
1951
-17
1935
2008
-73
1920
1896
24
1920
1832
88
1934
2012
-78
1934
1904
30
1935
1811
124
1935
1778
157
1935
1804
131
1935
1934
1
1935
1789
146
1935
1798
137
1935
1798
137
1935
1942
-7
1935
1924
11
1935
1980
-45
1934
1798
136
1935
1956
-21
1935
1775
160
1935
1779
156
1935
1787
148
1935
1798
137
1935
1798
137
1920
1798
122
1920
1950
-30
1920
1798
122
1920
1927
-7
1920
1950
-30
1920
1798
122
1920
1981
-61
1920
1925
-5
1920
1798
122
1920
1799
121
1920
1950
-30
1920
1950
-30
1920
1798
122
1920
1827
93
1920
1944
-24
1920
1790
130
1920
1902
18
1920
1781
139
1920
1788
132
1920
1854
66
1920
1798
122
1920
1978
-58
1920
1798
122
1920
1975
-55
1920
1803
117
1920
1798
122
1921
1798
123
1914
2010
-96
1914
1995
-81
1914
1826
88
1914
1798
116
1914
1836
78
1914
2009
-95
1914
1903
11
1914
1930
-16
1914
1921
-7
1914
2012
-98
1968
1854
114
2010
2012
-2
1969
2012
-43
1969
2012
-43
1914
1948
-34
1916
1801
115
1916
2012
-96
1916
1890
26
1916
2012
-96
2006
2011
-5
2006
2012
-6
2008
2012
-4
1916
2011
-95
1916
1798
118
1916
1801
115
1916
1798
118
1916
1942
-26
1916
1926
-10
1916
1982
-66
1916
2009
-93
1916
1959
-43
1928
1798
130
1928
1807
121
1929
1799
130
1929
1924
5
1929
1976
-47
1930
1960
-30
1929
1989
-60
1930
1798
132
1930
1798
132
1929
1798
131
1934
2008
-74
1909
2012
-103
1909
1838
71
1909
1870
39
1909
2004
-95
1909
1964
-55
1981
1776
205
1981
1928
53
1981
1866
115
1981
1928
53
1981
1798
183
1981
2012
-31
1981
1776
205
1981
1798
183
1980
1876
104
1981
1966
15
1981
1798
183
1981
1782
199
1981
1798
183
1981
1804
177
1981
1798
183
1981
1925
56
1981
1785
196
1982
1798
184
1989
1798
191
1988
1778
210
1988
1798
190
1989
1798
191
1989
1798
191
1989
1798
191
1984
1821
163
1988
1798
190
1982
1798
184
1981
1798
183
1987
1826
161
1989
1867
122
1988
1798
190
1985
1798
187
1985
1928
57
1985
1798
187
1989
1927
62
1987
1798
189
1981
2012
-31
1988
1798
190
1983
1798
185
1984
2011
-27
1979
2010
-31
1989
1879
110
1988
1936
52
1989
1979
10
1988
1836
152
1978
2009
-31
1949
1798
151
1982
2012
-30
1980
1923
57
1981
1826
155
1968
1912
56
1979
2012
-33
1981
1810
171
1981
1889
92
1981
1798
183
1981
1793
188
1981
1960
21
1981
1964
17
1979
1838
141
1982
2009
-27
1980
1798
182
1981
1918
63
1981
1938
43
1981
2012
-31
1981
2012
-31
1981
1798
183
1981
1883
98
1981
2009
-28
1981
2010
-29
1981
1993
-12
1981
1780
201
1981
2012
-31
1981
1852
129
1981
1798
183
1980
1780
200
1981
1936
45
1981
2012
-31
1981
1790
191
1980
2010
-30
1981
1798
183
1981
1819
162
1981
1784
197
1981
1899
82
1981
1994
-13
1981
1950
31
1981
1776
205
1981
1962
19
1981
1798
183
1981
1826
155
1981
1951
30
1981
1971
10
1981
1825
156
1981
1925
56
1981
1849
132
1981
1828
153
1981
1821
160
1981
2009
-28
1980
2012
-32
1981
2010
-29
1933
1835
98
2008
2012
-4
2011
2012
-1
1981
2007
-26
1981
1968
13
1981
1842
139
1981
1798
183
1981
1852
129
1981
1798
183
1980
2012
-32
1981
1826
155
1981
1798
183
1981
1785
196
1981
1922
59
1981
1792
189
1981
1798
183
1981
2012
-31
1981
2009
-28
1981
1780
201
1981
1798
183
1981
1836
145
1981
1959
22
1981
1845
136
1981
1981
0
1981
1964
17
1981
1997
-16
1981
1834
147
1968
1899
69
1989
2012
-23
1990
1798
192
1988
1851
137
1986
1798
188
1988
1798
190
1986
1883
103
1987
1798
189
1987
1964
23
1988
1928
60
1985
1947
38
1987
1847
140
1988
2009
-21
1988
1798
190
1989
2012
-23
1988
1798
190
1980
1780
200
1988
1798
190
1988
1798
190
1981
2010
-29
1981
1798
183
1982
1785
197
1977
2011
-34
1979
1798
181
1980
1928
52
1981
1778
203
1977
1798
179
1981
1798
183
1981
1798
183
1981
1990
-9
1980
1775
205
1986
1798
188
1988
1955
33
1977
1798
179
1987
1830
157
1987
1834
153
1985
1798
187
1983
2011
-28
1978
1977
1
1981
1927
54
1981
1860
121
1980
1955
25
1981
1900
81
1981
2012
-31
1981
2012
-31
1981
1798
183
1981
1927
54
1981
2007
-26
1981
2008
-27
1981
1798
183
1981
1960
21
1981
1798
183
1981
1832
149
1981
2008
-27
1981
1828
153
1981
1801
180
1981
1811
170
1981
1836
145
1981
2009
-28
1981
1798
183
1981
1925
56
1981
2012
-31
1980
1949
31
1981
1798
183
1981
2012
-31
1981
1899
82
1981
2011
-30
1981
2008
-27
1981
1798
183
1981
1798
183
1981
1798
183
1981
1790
191
1981
2002
-21
1981
1964
17
1981
1893
88
1980
1793
187
1981
2009
-28
1981
1951
30
1981
1800
181
1981
2012
-31
1981
1798
183
1981
2012
-31
2009
2007
2
1981
1934
47
