1981
1793
188
1981
1873
108
1980
1789
191
1981
1854
127
1981
1956
25
1981
1860
121
1981
1834
147
1981
1785
196
1968
1996
-28
1989
1778
211
1989
1982
7
1981
1942
39
1987
1862
125
1988
1901
87
1987
1799
188
1986
1945
41
1989
1785
204
1982
1798
184
1985
1796
189
1986
1951
35
1986
1941
45
1988
1971
17
1986
1947
39
1990
1901
89
1988
1941
47
1981
1854
127
1990
1901
89
1977
1901
76
1968
1900
68
1981
1935
46
1980
1941
39
1978
1796
182
1981
1888
93
1988
1901
87
1988
1901
87
1986
1834
152
1986
1860
126
1986
1901
85
1984
1783
201
1984
1799
185
1982
1939
43
1981
1798
183
1977
1981
-4
1977
2011
-34
1980
1799
181
1981
1798
183
1981
1890
91
1981
1901
80
1981
1869
112
1981
1901
80
1981
1942
39
1981
1798
183
1981
1886
95
1981
1852
129
1981
1924
57
1981
1956
25
1981
1786
195
1981
1901
80
1981
1935
46
1981
1901
80
1981
1901
80
1981
1901
80
1980
1903
77
1981
1929
52
1981
1980
1
1981
1783
198
1981
1851
130
1981
1940
41
1981
1933
48
1981
1942
39
1981
1962
19
1981
1808
173
1981
1945
36
1981
1951
30
1981
1927
54
1981
1901
80
2013
1798
215
2009
1901
108
2008
1901
107
2010
1901
109
1930
1920
10
1929
1967
-38
1932
1940
-8
1932
1808
124
1932
1776
156
1932
1783
149
1932
1799
133
1932
1968
-36
1932
1785
147
1999
1851
148
1932
1905
27
1932
1922
10
1932
1942
-10
1932
1785
147
1932
1981
-49
1932
1940
-8
1932
1778
154
1932
1809
123
1932
1981
-49
1932
1942
-10
1932
1981
-49
1932
1798
134
1932
1979
-47
1932
1798
134
1932
1785
147
1933
1798
135
1930
1982
-52
1930
1895
35
1930
1793
137
1996
2009
-13
1932
1788
144
1996
1869
127
1932
1800
132
1932
1956
-24
1932
1973
-41
2004
1899
105
1933
1963
-30
1933
1985
-52
1933
1801
132
1933
1805
128
1933
1807
126
1933
1804
129
1933
1922
11
1933
1983
-50
1933
1795
138
1933
1956
-23
1933
1800
133
2001
1901
100
1932
1921
11
1933
1778
155
2003
1901
102
1933
1786
147
1933
1945
-12
1933
1806
127
1933
1781
152
2001
1901
100
2001
1823
178
1930
1783
147
1930
1970
-40
1930
1809
121
1930
1985
-55
1930
1822
108
1930
1962
-32
1930
1789
141
1930
1900
30
1930
1980
-50
1930
1962
-32
1931
1811
120
1931
1941
-10
1931
1941
-10
1930
1789
141
1931
1798
133
1931
1941
-10
1931
1809
122
1931
1794
137
1931
1796
135
1930
1800
130
1930
1800
130
1930
1796
134
1930
1802
128
1930
1808
122
1930
1840
90
1930
1796
134
1930
1817
113
1930
1980
-50
1930
1783
147
1930
1821
109
1930
1932
-2
1930
1949
-19
1930
1991
-61
1930
1801
129
1930
1902
28
1930
1785
145
1930
1811
119
1930
1963
-33
1930
1980
-50
1930
1995
-65
1931
1981
-50
1932
1953
-21
1932
1789
143
1932
1941
-9
1932
1782
150
1932
1942
-10
1932
1942
-10
1932
1940
-8
1930
1794
136
1930
1785
145
1931
1785
146
1931
1785
146
1931
1822
109
1931
1981
-50
1931
1945
-14
1931
1833
98
1931
1941
-10
1936
1825
111
1936
1981
-45
1901
1972
-71
1936
1801
135
1936
1793
143
1936
1813
123
1936
1782
154
1936
1941
-5
1936
1919
17
1936
1806
130
1936
1987
-51
1936
1872
64
1936
1950
-14
1936
1971
-35
1936
1964
-28
1935
1956
-21
1935
1802
133
1937
1995
-58
1937
1951
-14
1937
1802
135
1937
1858
79
1937
1989
-52
1937
1809
128
2008
1919
89
1936
1793
143
2011
1901
110
1936
1941
-5
1936
1929
7
1936
1793
143
1936
1840
96
1936
1810
126
1934
1948
-14
1934
1789
145
1934
1865
69
1934
1792
142
1934
1945
-11
1934
1982
-48
1934
1787
147
1934
1968
-34
1934
1799
135
1934
1798
136
1934
1980
-46
1934
1801
133
1934
1975
-41
1934
1789
145
1934
1963
-29
1934
1801
133
1934
1987
-53
1934
1800
134
1934
1980
-46
1934
1796
138
1934
1790
144
1934
1980
-46
1934
1977
-43
1934
1919
15
1934
1800
134
1934
1951
-17
1934
1787
147
1934
1778
156
1934
1781
153
1934
1788
146
1934
1977
-43
1934
1802
132
1935
1868
67
1935
1789
146
1935
1815
120
1935
1931
4
1935
1947
-12
1935
1990
-55
1935
1843
92
1935
1816
119
1935
1970
-35
1935
2002
-67
1935
1930
5
1935
1790
145
1935
1967
-32
1935
1854
81
1935
1825
110
1935
1919
16
1935
1802
133
1935
1906
29
1935
1798
137
1935
1919
16
1935
1802
133
1935
1791
144
1935
1986
-51
1935
1874
61
1935
1825
110
1935
1896
39
1935
1947
-12
1937
1886
51
1937
1810
127
2007
1879
128
1937
1902
35
1937
1869
68
1937
1972
-35
1937
1889
48
1937
1995
-58
1937
1923
14
1937
1957
-20
1937
1795
142
1937
1949
-12
1937
1875
62
1937
1956
-19
1937
1951
-14
1937
1886
51
1937
1966
-29
1937
1906
31
1937
1972
-35
1937
1957
-20
1937
1854
83
1937
1896
41
1937
1783
154
1937
1804
133
1937
1967
-30
1937
1810
127
1937
1801
136
1937
1807
130
1938
1788
150
1938
1789
149
1938
1904
34
1938
1783
155
1938
1799
139
1938
1796
142
1938
1796
142
1938
1796
142
1938
1798
140
1938
1812
126
1938
1802
136
1938
1905
33
1938
1783
155
1938
1962
-24
1938
1944
-6
1939
1788
151
1938
1794
144
1939
1805
134
1939
1995
-56
1939
1963
-24
1939
1789
150
1939
1808
131
1939
1812
127
1939
1783
156
2011
1901
110
1944
1904
40
1934
1798
136
1813
1812
1
2012
1798
214
2010
1803
207
1883
1798
85
1924
1983
-59
1924
1899
25
1924
1995
-71
1924
1860
64
1924
1901
23
1937
1798
139
1923
1858
65
1923
1838
85
1919
1951
-32
1920
1967
-47
1914
1789
125
1914
1783
131
1914
1940
-26
1914
1808
106
1933
1788
145
1914
1901
13
1914
1977
-63
1842
1809
33
1934
1901
33
1937
1926
11
1939
1945
-6
1935
1783
152
1937
1970
-33
1937
1804
133
1937
1998
-61
1937
1824
113
1900
1870
30
1900
1799
101
1900
1940
-40
1900
1930
-30
1933
1942
-9
1900
1783
117
1900
1878
22
1926
1901
25
1925
1965
-40
1925
1896
29
1926
1901
25
1927
1848
79
1924
1901
23
1925
1901
24
1932
1873
59
1927
1964
-37
1927
1980
-53
1928
1956
-28
1932
1926
6
1934
1941
-7
1934
1796
138
1935
1801
134
1933
1980
-47
1930
1963
-33
1932
1949
-17
1930
1901
29
1930
1969
-39
1917
1873
44
1891
1940
-49
1917
1899
18
1890
1912
-22
1917
1901
16
1890
1901
-11
1917
1825
92
2010
1798
212
1934
1981
-47
1992
1901
91
1991
1901
90
1991
1901
90
1992
1912
80
2001
1901
100
1994
1966
28
2002
1901
101
1979
1805
174
1979
1901
78
1978
1980
-2
1978
1901
77
1981
1932
49
1924
2008
-84
1932
1940
-8
1927
1789
138
1927
1783
144
1927
1942
-15
1927
1969
-42
1927
1801
126
1927
1814
113
1927
1796
131
1927
1940
-13
1927
1783
144
1927
1908
19
1927
1956
-29
1926
1968
-42
1926
1868
58
1926
1845
81
1926
1927
-1
2010
1798
212
1927
1981
-54
1994
1901
93
1994
1845
149
1926
1922
4
1921
1796
125
1921
1901
20
1921
1822
99
1921
1901
20
1921
1951
-30
1912
1798
114
1921
1901
20
1914
1798
116
1915
1798
117
1915
1798
117
1921
1876
45
1921
1910
11
1913
1798
115
1921
1882
39
1921
1813
108
1915
1798
117
1921
1889
32
1921
1901
20
1921
2001
-80
1921
1806
115
1921
1963
-42
1921
2008
-87
1921
1803
118
1921
1901
20
1921
1808
113
1921
1886
35
1921
1899
22
1927
1980
-53
1927
1981
-54
1927
1785
142
1927
1778
149
1927
1802
125
1927
1788
139
1927
1901
26
1927
1970
-43
1927
1792
135
1927
1831
96
1927
1940
-13
1927
1901
26
1927
1834
93
1928
1925
3
1928
1825
103
1928
1785
143
1928
1811
117
1928
1851
77
1928
1800
128
1928
1971
-43
1928
1802
126
1928
1921
7
1928
1901
27
1928
1954
-26
1928
2008
-80
1928
1906
22
1929
1995
-66
1929
1963
-34
1929
1798
131
1929
1904
25
1929
1812
117
1929
1825
104
1929
1994
-65
1929
1793
136
1929
1959
-30
1921
1800
121
1929
1941
-12
1921
1852
69
1917
1798
119
1917
1798
119
1928
1789
139
1921
1823
98
1921
1993
-72
1928
1926
2
1917
1798
119
1928
1799
129
1928
1980
-52
1928
1785
143
1928
1942
-14
1928
1979
-51
1928
1901
27
1928
1782
146
1928
1789
139
1928
1925
3
1928
1976
-48
1928
1985
-57
1928
1858
70
1929
1802
127
1929
1984
-55
1929
1956
-27
1929
1919
10
1929
1785
144
1930
1799
131
1930
1799
131
1929
1919
10
1929
1963
-34
1929
1815
114
1930
1956
-26
1930
1930
0
1930
1786
144
1930
1869
61
1930
1969
-39
1869
1798
71
1929
1942
-13
1926
1785
141
1929
1906
23
1929
1785
144
1929
1909
20
1929
1950
-21
1929
1807
122
1929
1996
-67
1936
1813
123
1936
2008
-72
1936
1981
-45
1937
1989
-52
1937
1989
-52
1937
1862
75
1937
1946
-9
1937
1792
145
1937
1983
-46
1937
1790
147
1937
1990
-53
1937
1919
18
1937
1878
59
1937
1939
-2
1937
1934
3
1937
1922
15
1937
1950
-13
1922
1813
109
1922
1799
123
1922
1940
-18
1922
1796
126
1922
1783
139
1937
1776
161
1937
1987
-50
1937
1908
29
1937
1919
18
1937
2002
-65
1922
1901
21
1922
1799
123
1922
1981
-59
1922
1782
140
1922
1981
-59
1922
1920
2
1923
1966
-43
1923
1893
30
1923
1795
128
1936
1836
100
1936
1840
96
1936
1834
102
1936
1805
131
1936
1987
-51
1936
1801
135
1936
1800
136
1936
1947
-11
1936
1808
128
1922
1803
119
1936
1796
140
1936
1801
135
1937
1808
129
1922
1789
133
1922
1798
124
1937
1945
-8
1938
1968
-30
1925
1966
-41
1937
1941
-4
1937
1980
-43
1925
1989
-64
1925
1789
136
1925
1812
113
1926
1783
143
1926
1942
-16
1923
1811
112
1923
1998
-75
1923
2002
-79
1923
1823
100
1923
1919
4
1925
1941
-16
1925
1785
140
1925
1942
-17
1925
1940
-15
1925
1985
-60
1923
1851
72
1923
2009
-86
1923
2008
-85
1923
1901
22
1923
1960
-37
1923
1806
117
1991
1901
90
1923
2011
-88
1923
1950
-27
1923
1832
91
1923
2001
-78
1992
1901
91
1923
1879
44
1923
1976
-53
1923
1950
-27
1926
1862
64
1926
1796
130
1926
1816
110
1926
1838
88
1926
1942
-16
1938
1940
-2
1926
1982
-56
1926
1800
126
1926
1940
-14
1926
1944
-18
1938
1782
156
1938
1812
126
1926
1965
-39
1926
1868
58
1938
1943
-5
1938
1981
-43
1938
1986
-48
1926
1982
-56
1926
1812
114
1926
1930
-4
1938
1986
-48
1926
1942
-16
1926
1942
-16
1926
1980
-54
1926
1811
115
1926
1783
143
1938
1816
122
1938
1932
6
1938
1912
26
1938
1956
-18
1926
1940
-14
1926
1798
128
1926
2009
-83
1938
1963
-25
1926
1981
-55
1938
1919
19
1938
1807
131
1938
1825
113
1938
1963
-25
1938
1901
37
1938
1831
107
1938
1986
-48
1938
1984
-46
1909
1999
-90
1909
1901
8
1909
1901
8
1909
2010
-101
1909
1851
58
1909
1972
-63
1909
1894
15
1909
2007
-98
1909
1888
21
1909
1904
5
1909
1956
-47
1909
1891
18
1915
1901
14
1915
1869
46
1927
1925
2
1927
1901
26
1915
1869
46
1909
1904
5
1917
1940
-23
1917
1963
-46
1919
1974
-55
1919
1781
138
1919
1811
108
1919
1869
50
1919
1939
-20
1919
1819
100
1931
2011
-80
1930
1923
7
1919
1801
118
1919
1834
85
1919
1942
-23
1919
1836
83
1919
1979
-60
1919
1942
-23
1919
1796
123
1919
1993
-74
1919
1942
-23
1919
1818
101
1919
1805
114
1919
1809
110
1919
1996
-77
1920
2009
-89
1920
1832
88
1920
1823
97
1934
1799
135
1934
1812
122
1934
1950
-16
1934
1801
133
1934
1812
122
1934
1945
-11
1920
1974
-54
1920
1823
97
1934
1807
127
1934
1987
-53
1934
1851
83
1934
1816
118
1934
1798
136
1935
1798
137
1934
1951
-17
1935
1868
67
1920
1903
17
1920
1962
-42
1934
1901
33
1934
1934
0
1935
1803
132
1935
1808
127
1935
1790
145
1935
1995
-60
1935
1802
133
1935
1783
152
1935
1783
152
1935
1804
131
1935
1925
10
1935
1783
152
1934
1796
138
1935
1776
159
1935
1957
-22
1935
1988
-53
1935
1802
133
1935
1941
-6
1935
1812
123
1920
1981
-61
1920
1956
-36
1920
1799
121
1920
1983
-63
1920
1956
-36
1920
1783
137
1920
1803
117
1920
1825
95
1920
1942
-22
1920
1802
118
1920
1956
-36
1920
1966
-46
1920
1798
122
1920
1962
-42
1920
1807
113
1920
1782
138
1920
1888
32
1920
1945
-25
1920
1788
132
1920
2007
-87
1920
1941
-21
1920
1779
141
1920
1941
-21
1920
1959
-39
1920
1800
120
1920
1789
131
1921
1798
123
1914
1899
15
1914
1998
-84
1914
1963
-49
1914
1783
131
1914
1831
83
1914
1868
46
1914
2001
-87
1914
1836
78
1914
1970
-56
1914
1901
13
1968
1866
102
2010
1901
109
1969
1901
68
1969
1901
68
1914
1990
-76
1916
1786
130
1916
1901
15
1916
1870
46
1916
1901
15
2006
2011
-5
2006
1901
105
2008
1901
107
1916
2011
-95
1916
1799
117
1916
1786
130
1916
1940
-24
1916
1804
112
1916
1948
-32
1916
1801
115
1916
2009
-93
1916
1985
-69
1928
1796
132
1928
1977
-49
1929
1802
127
1929
1824
105
1929
1816
113
1930
1922
8
1929
1987
-58
1930
1798
132
1930
1980
-50
1929
1980
-51
1934
1868
66
1909
1901
8
1909
1995
-86
1909
1939
-30
1909
1887
22
1909
1943
-34
1981
1986
-5
1981
1963
18
1981
1900
81
1981
1919
62
1981
1942
39
1981
1901
80
1981
1969
12
1981
1942
39
1980
1999
-19
1981
1970
11
1981
1942
39
1981
1945
36
1981
1798
183
1981
1790
191
1981
1940
41
1981
1825
156
1981
1788
193
1982
1798
184
1989
1980
9
1988
1810
178
1988
1798
190
1989
1981
8
1989
1798
191
1989
1798
191
1984
1971
13
1988
1942
46
1982
1942
40
1981
1941
40
1987
1963
24
1989
1912
77
1988
1942
46
1985
1942
43
1985
1963
22
1985
1940
45
1989
1958
31
1987
1942
45
1981
1901
80
1988
1798
190
1983
1789
194
1984
2011
-27
1979
1899
80
1989
1871
118
1988
1838
150
1989
1802
187
1988
1928
60
1978
2009
-31
1949
1798
151
1982
1901
81
1980
1822
158
1981
1832
149
1968
1909
59
1979
1901
78
1981
1788
193
1981
1892
89
1981
1941
40
1981
1808
173
1981
1922
59
1981
1943
38
1979
1995
-16
1982
2009
-27
1980
1789
191
1981
1896
85
1981
1902
79
1981
1901
80
1981
1901
80
1981
1980
1
1981
1849
132
1981
2008
-27
1981
2012
-31
1981
1838
143
1981
1815
166
1981
1901
80
1981
1858
123
1981
1981
0
1980
1815
165
1981
1838
143
1981
1901
80
1981
1806
175
1980
1899
81
1981
1798
183
1981
1975
6
1981
1800
181
1981
1851
130
1981
1906
75
1981
1956
25
1981
1986
-5
1981
1950
31
1981
1940
41
1981
1964
17
1981
1951
30
1981
1972
9
1981
1926
55
1981
1825
156
1981
1861
120
1981
1840
141
1981
1823
158
1981
2009
-28
1980
1901
79
1981
1899
82
1933
1930
3
2008
1901
107
2011
1901
110
1981
1852
129
1981
1818
163
1981
1908
73
1981
1940
41
1981
1858
123
1981
1980
1
1980
1901
79
1981
1963
18
1981
1942
39
1981
1788
193
1981
1825
156
1981
1954
27
1981
1798
183
1981
1901
80
1981
2009
-28
1981
1977
4
1981
1980
1
1981
1831
150
1981
1819
162
1981
1879
102
1981
1803
178
1981
1943
38
1981
1998
-17
1981
1965
16
1968
1878
90
1989
1901
88
1990
1798
192
1988
1893
95
1986
1942
44
1988
1940
48
1986
1849
137
1987
1941
46
1987
1968
19
1988
1963
25
1985
1961
24
1987
1845
142
1988
1869
119
1988
1942
46
1989
1901
88
1988
1798
190
1980
1815
165
1988
1798
190
1988
1941
47
1981
1869
112
1981
1785
196
1982
1802
180
1977
2010
-33
1979
1798
181
1980
1963
17
1981
1949
32
1977
1941
36
1981
1798
183
1981
1941
40
1981
1971
10
1980
1956
24
1986
1798
188
1988
1984
4
1977
1941
36
1987
1930
57
1987
1965
22
1985
1798
187
1983
2010
-27
1978
1808
170
1981
1983
-2
1981
1860
121
1980
1984
-4
1981
1854
127
1981
1901
80
1981
1901
80
1981
1798
183
1981
1983
-2
1981
1851
130
1981
1868
113
1981
1941
40
1981
1922
59
1981
1799
182
1981
1962
19
1981
1868
113
1981
1997
-16
1981
1786
195
1981
1803
178
1981
1830
151
1981
2008
-27
1981
1798
183
1981
1825
156
1981
1901
80
1980
1819
161
1981
1798
183
1981
1901
80
1981
1880
101
1981
2011
-30
1981
1886
95
1981
1942
39
1981
1812
169
1981
1799
182
1981
1782
199
1981
1916
65
1981
1943
38
1981
1908
73
1980
1808
172
1981
2009
-28
1981
1951
30
1981
1802
179
1981
1901
80
1981
1980
1
1981
1901
80
2009
1851
158
1981
1995
-14
